-0.1	1
-0.099	1
-0.098	1
-0.097	1
-0.096	1
-0.095	1
-0.094	0.999999
-0.093	0.999999
-0.092	0.999999
-0.091	0.999999
-0.09	0.999999
-0.089	0.999999
-0.088	0.999999
-0.087	0.999998
-0.086	0.999998
-0.085	0.999998
-0.084	0.999998
-0.083	0.999997
-0.082	0.999997
-0.081	0.999996
-0.08	0.999996
-0.079	0.999995
-0.078	0.999994
-0.077	0.999993
-0.076	0.999992
-0.075	0.999991
-0.074	0.999989
-0.073	0.999988
-0.072	0.999985
-0.071	0.999983
-0.07	0.99998
-0.069	0.999977
-0.068	0.999974
-0.067	0.999969
-0.066	0.999964
-0.065	0.999959
-0.064	0.999952
-0.063	0.999944
-0.062	0.999935
-0.061	0.999924
-0.06	0.999912
-0.059	0.999898
-0.058	0.999882
-0.057	0.999862
-0.056	0.99984
-0.055	0.999814
-0.054	0.999784
-0.053	0.999749
-0.052	0.999709
-0.051	0.999662
-0.05	0.999607
-0.049	0.999543
-0.048	0.999469
-0.047	0.999384
-0.046	0.999284
-0.045	0.999168
-0.044	0.999034
-0.043	0.998878
-0.042	0.998697
-0.041	0.998486
-0.04	0.998242
-0.039	0.997958
-0.038	0.997628
-0.037	0.997246
-0.036	0.996802
-0.035	0.996287
-0.034	0.99569
-0.033	0.994996
-0.032	0.994192
-0.031	0.99326
-0.03	0.99218
-0.029	0.990928
-0.028	0.989479
-0.027	0.9878
-0.026	0.985859
-0.025	0.983614
-0.024	0.981021
-0.023	0.978027
-0.022	0.974574
-0.021	0.970597
-0.02	0.966021
-0.019	0.960765
-0.018	0.954737
-0.017	0.947836
-0.016	0.939955
-0.015	0.930977
-0.014	0.920776
-0.013	0.909226
-0.012	0.896193
-0.011	0.881549
-0.01	0.865168
-0.009	0.846937
-0.008	0.826764
-0.007	0.804579
-0.006	0.780348
-0.005	0.75408
-0.004	0.72583
-0.003	0.695712
-0.002	0.663893
-0.001	0.630603
7.63278e-17	0.596121
0.001	0.560774
0.002	0.524923
0.003	0.488948
0.004	0.453233
0.005	0.418151
0.006	0.384043
0.007	0.351212
0.008	0.319912
0.009	0.290339
0.01	0.262632
0.011	0.236878
0.012	0.21311
0.013	0.191317
0.014	0.171454
0.015	0.153443
0.016	0.137188
0.017	0.122577
0.018	0.109488
0.019	0.0977988
0.02	0.0873844
0.021	0.0781245
0.022	0.0699044
0.023	0.0626159
0.024	0.0561589
0.025	0.0504415
0.026	0.0453799
0.027	0.0408985
0.028	0.0369293
0.029	0.0334118
0.03	0.030292
0.031	0.027522
0.032	0.0250596
0.033	0.0228675
0.034	0.0209131
0.035	0.0191675
0.036	0.0176057
0.037	0.0162054
0.038	0.0149474
0.039	0.0138148
0.04	0.0127928
0.041	0.0118685
0.042	0.0110307
0.043	0.0102695
0.044	0.00957629
0.045	0.00894348
0.046	0.0083645
0.047	0.00783356
0.048	0.00734559
0.049	0.00689614
0.05	0.0064813
0.051	0.00609762
0.052	0.00574207
0.053	0.00541197
0.054	0.00510496
0.055	0.00481894
0.056	0.00455205
0.057	0.00430263
0.058	0.00406922
0.059	0.00385049
0.06	0.00364527
0.061	0.00345251
0.062	0.00327125
0.063	0.00310064
0.064	0.00293991
0.065	0.00278836
0.066	0.00264535
0.067	0.00251031
0.068	0.0023827
0.069	0.00226205
0.07	0.00214791
0.071	0.00203988
0.072	0.00193758
0.073	0.00184067
0.074	0.00174883
0.075	0.00166176
0.076	0.0015792
0.077	0.00150087
0.078	0.00142656
0.079	0.00135602
0.08	0.00128907
0.081	0.0012255
0.082	0.00116513
0.083	0.00110779
0.084	0.00105332
0.085	0.00100157
0.086	0.000952403
0.087	0.000905679
0.088	0.000861273
0.089	0.000819068
0.09	0.00077895
0.091	0.000740814
0.092	0.00070456
0.093	0.000670092
0.094	0.000637321
0.095	0.000606162
0.096	0.000576533
0.097	0.00054836
0.098	0.000521569
0.099	0.000496092
