-0.1	4.50219e-08
-0.099	5.21786e-08
-0.098	6.0469e-08
-0.097	7.0072e-08
-0.096	8.11946e-08
-0.095	9.40763e-08
-0.094	1.08994e-07
-0.093	1.26269e-07
-0.092	1.4627e-07
-0.091	1.69428e-07
-0.09	1.96238e-07
-0.089	2.27273e-07
-0.088	2.63196e-07
-0.087	3.04772e-07
-0.086	3.52889e-07
-0.085	4.08569e-07
-0.084	4.72995e-07
-0.083	5.47535e-07
-0.082	6.33767e-07
-0.081	7.33516e-07
-0.08	8.48889e-07
-0.079	9.82321e-07
-0.078	1.13662e-06
-0.077	1.31503e-06
-0.076	1.52131e-06
-0.075	1.75976e-06
-0.074	2.03539e-06
-0.073	2.35395e-06
-0.072	2.72209e-06
-0.071	3.14747e-06
-0.07	3.63893e-06
-0.069	4.20667e-06
-0.068	4.86244e-06
-0.067	5.61978e-06
-0.066	6.49433e-06
-0.065	7.50407e-06
-0.064	8.66975e-06
-0.063	1.00152e-05
-0.062	1.15681e-05
-0.061	1.33599e-05
-0.06	1.54273e-05
-0.059	1.78121e-05
-0.058	2.05627e-05
-0.057	2.37346e-05
-0.056	2.73918e-05
-0.055	3.16079e-05
-0.054	3.64672e-05
-0.053	4.2067e-05
-0.052	4.85188e-05
-0.051	5.5951e-05
-0.05	6.45106e-05
-0.049	7.43669e-05
-0.048	8.57138e-05
-0.047	9.8774e-05
-0.046	0.000113803
-0.045	0.000131093
-0.044	0.00015098
-0.043	0.00017385
-0.042	0.000200141
-0.041	0.000230359
-0.04	0.000265081
-0.039	0.000304968
-0.038	0.000350774
-0.037	0.000403363
-0.036	0.000463723
-0.035	0.000532978
-0.034	0.000612415
-0.033	0.000703501
-0.032	0.000807908
-0.031	0.000927541
-0.03	0.00106457
-0.029	0.00122147
-0.028	0.00140104
-0.027	0.00160648
-0.026	0.00184141
-0.025	0.00210994
-0.024	0.00241674
-0.023	0.00276708
-0.022	0.00316694
-0.021	0.00362308
-0.02	0.00414311
-0.019	0.00473564
-0.018	0.00541034
-0.017	0.00617811
-0.016	0.00705118
-0.015	0.00804324
-0.014	0.00916963
-0.013	0.0104475
-0.012	0.0118959
-0.011	0.0135361
-0.01	0.0153916
-0.009	0.0174884
-0.008	0.0198552
-0.007	0.0225235
-0.006	0.0255277
-0.005	0.0289055
-0.004	0.0326976
-0.003	0.0369477
-0.002	0.0417031
-0.001	0.0470137
7.63278e-17	0.0529325
0.001	0.0595148
0.002	0.0668181
0.003	0.074901
0.004	0.0838227
0.005	0.093642
0.006	0.104416
0.007	0.116198
0.008	0.129038
0.009	0.142978
0.01	0.158052
0.011	0.174285
0.012	0.191688
0.013	0.210258
0.014	0.229978
0.015	0.250812
0.016	0.272707
0.017	0.295592
0.018	0.319379
0.019	0.343961
0.02	0.369217
0.021	0.395014
0.022	0.421207
0.023	0.447647
0.024	0.474179
0.025	0.50125
0.026	0.526907
0.027	0.552812
0.028	0.578231
0.029	0.603043
0.03	0.627142
0.031	0.65044
0.032	0.67286
0.033	0.694345
0.034	0.714852
0.035	0.734354
0.036	0.752835
0.037	0.770293
0.038	0.786737
0.039	0.802184
0.04	0.816659
0.041	0.830194
0.042	0.842825
0.043	0.85459
0.044	0.865532
0.045	0.875694
0.046	0.885119
0.047	0.893852
0.048	0.901937
0.049	0.909414
0.05	0.916325
0.051	0.922708
0.052	0.928602
0.053	0.934042
0.054	0.939061
0.055	0.943691
0.056	0.947961
0.057	0.951898
0.058	0.955529
0.059	0.958877
0.06	0.961965
0.061	0.964812
0.062	0.967438
0.063	0.969861
0.064	0.972096
0.065	0.974159
0.066	0.976062
0.067	0.97782
0.068	0.979443
0.069	0.980941
0.07	0.982326
0.071	0.983606
0.072	0.984789
0.073	0.985883
0.074	0.986894
0.075	0.98783
0.076	0.988697
0.077	0.989498
0.078	0.990241
0.079	0.990929
0.08	0.991566
0.081	0.992156
0.082	0.992704
0.083	0.993211
0.084	0.993682
0.085	0.994119
0.086	0.994525
0.087	0.994901
0.088	0.995251
0.089	0.995575
0.09	0.995877
0.091	0.996157
0.092	0.996418
0.093	0.99666
0.094	0.996885
0.095	0.997095
0.096	0.99729
0.097	0.997471
0.098	0.99764
0.099	0.997797
