-0.1	9.12579e-23
-0.099	1.42062e-22
-0.098	2.21105e-22
-0.097	3.4406e-22
-0.096	5.35281e-22
-0.095	8.32608e-22
-0.094	1.29482e-21
-0.093	2.0132e-21
-0.092	3.12946e-21
-0.091	4.8636e-21
-0.09	7.557e-21
-0.089	1.17393e-20
-0.088	1.8232e-20
-0.087	2.83091e-20
-0.086	4.39454e-20
-0.085	6.82017e-20
-0.084	1.0582e-19
-0.083	1.64148e-19
-0.082	2.54559e-19
-0.081	3.94664e-19
-0.08	6.11718e-19
-0.079	9.47889e-19
-0.078	1.4684e-18
-0.077	2.27409e-18
-0.076	3.52084e-18
-0.075	5.44951e-18
-0.074	8.43216e-18
-0.073	1.30433e-17
-0.072	2.01698e-17
-0.071	3.11801e-17
-0.07	4.81852e-17
-0.069	7.44398e-17
-0.068	1.14961e-16
-0.067	1.77478e-16
-0.066	2.73897e-16
-0.065	4.22545e-16
-0.064	6.51626e-16
-0.063	1.00452e-15
-0.062	1.54795e-15
-0.061	2.38441e-15
-0.06	3.67138e-15
-0.059	5.65067e-15
-0.058	8.69335e-15
-0.057	1.33686e-14
-0.056	2.05492e-14
-0.055	3.15722e-14
-0.054	4.84857e-14
-0.053	7.44244e-14
-0.052	1.14184e-13
-0.051	1.75096e-13
-0.05	2.68363e-13
-0.049	4.11094e-13
-0.048	6.29393e-13
-0.047	9.63075e-13
-0.046	1.47281e-12
-0.045	2.25101e-12
-0.044	3.43829e-12
-0.043	5.24848e-12
-0.042	8.00648e-12
-0.041	1.22056e-11
-0.04	1.8594e-11
-0.039	2.83057e-11
-0.038	4.30577e-11
-0.037	6.54473e-11
-0.036	9.93994e-11
-0.035	1.50838e-10
-0.034	2.28698e-10
-0.033	3.4643e-10
-0.032	5.24271e-10
-0.031	7.92616e-10
-0.03	1.19706e-09
-0.029	1.80588e-09
-0.028	2.72118e-09
-0.027	4.09537e-09
-0.026	6.1555e-09
-0.025	9.23919e-09
-0.024	1.38473e-08
-0.023	2.07212e-08
-0.022	3.09553e-08
-0.021	4.61606e-08
-0.02	6.87015e-08
-0.019	1.02036e-07
-0.018	1.51202e-07
-0.017	2.23512e-07
-0.016	3.29528e-07
-0.015	4.8443e-07
-0.014	7.09921e-07
-0.013	1.03683e-06
-0.012	1.50867e-06
-0.011	2.18638e-06
-0.01	3.15463e-06
-0.009	4.53001e-06
-0.008	6.47146e-06
-0.007	9.19337e-06
-0.006	1.29815e-05
-0.005	1.82121e-05
-0.004	2.53735e-05
-0.003	3.50907e-05
-0.002	4.81506e-05
-0.001	6.55283e-05
7.63278e-17	8.84099e-05
0.001	0.000118213
0.002	0.000156595
0.003	0.000205459
0.004	0.000266936
0.005	0.000343356
0.006	0.000437198
0.007	0.000551018
0.008	0.000687356
0.009	0.000848616
0.01	0.00103693
0.011	0.00125403
0.012	0.00150103
0.013	0.00177834
0.014	0.00208548
0.015	0.00242099
0.016	0.00278232
0.017	0.00316583
0.018	0.00356686
0.019	0.00397978
0.02	0.00439823
0.021	0.0048153
0.022	0.00522386
0.023	0.00561683
0.024	0.00598749
0.025	0.00635261
0.026	0.00663844
0.027	0.00690939
0.028	0.00713961
0.029	0.0073273
0.03	0.00747181
0.031	0.00757357
0.032	0.00763392
0.033	0.007655
0.034	0.00763955
0.035	0.00759071
0.036	0.00751192
0.037	0.00740673
0.038	0.00727869
0.039	0.00713124
0.04	0.00696767
0.041	0.00679104
0.042	0.00660414
0.043	0.00640949
0.044	0.00620935
0.045	0.00600569
0.046	0.00580023
0.047	0.00559444
0.048	0.00538958
0.049	0.00518669
0.05	0.00498666
0.051	0.0047902
0.052	0.00459788
0.053	0.00441017
0.054	0.00422741
0.055	0.00404987
0.056	0.00387773
0.057	0.00371113
0.058	0.00355012
0.059	0.00339473
0.06	0.00324494
0.061	0.00310072
0.062	0.00296199
0.063	0.00282866
0.064	0.00270061
0.065	0.00257773
0.066	0.00245989
0.067	0.00234695
0.068	0.00223875
0.069	0.00213516
0.07	0.00203603
0.071	0.00194119
0.072	0.0018505
0.073	0.00176381
0.074	0.00168097
0.075	0.00160183
0.076	0.00152625
0.077	0.00145408
0.078	0.0013852
0.079	0.00131946
0.08	0.00125673
0.081	0.00119689
0.082	0.00113981
0.083	0.00108538
0.084	0.00103348
0.085	0.000984006
0.086	0.000936845
0.087	0.000891896
0.088	0.00084906
0.089	0.000808243
0.09	0.000769355
0.091	0.000732306
0.092	0.000697015
0.093	0.0006634
0.094	0.000631384
0.095	0.000600894
0.096	0.000571858
0.097	0.00054421
0.098	0.000517885
0.099	0.000492821
