-0.1	4.2108e-05
-0.099	4.66933e-05
-0.098	5.17737e-05
-0.097	5.74018e-05
-0.096	6.36362e-05
-0.095	7.05414e-05
-0.094	7.81887e-05
-0.093	8.6657e-05
-0.092	9.60334e-05
-0.091	0.000106414
-0.09	0.000117905
-0.089	0.000130624
-0.088	0.0001447
-0.087	0.000160275
-0.086	0.000177509
-0.085	0.000196574
-0.084	0.000217662
-0.083	0.000240984
-0.082	0.000266775
-0.081	0.00029529
-0.08	0.000326813
-0.079	0.000361656
-0.078	0.000400162
-0.077	0.00044271
-0.076	0.000489715
-0.075	0.000541636
-0.074	0.000598978
-0.073	0.000662293
-0.072	0.000732192
-0.071	0.000809345
-0.07	0.000894486
-0.069	0.000988424
-0.068	0.00109205
-0.067	0.00120632
-0.066	0.00133233
-0.065	0.00147123
-0.064	0.0016243
-0.063	0.00179296
-0.062	0.00197874
-0.061	0.00218332
-0.06	0.00240854
-0.059	0.00265643
-0.058	0.00292916
-0.057	0.00322914
-0.056	0.00355899
-0.055	0.00392156
-0.054	0.00431995
-0.053	0.00475754
-0.052	0.00523801
-0.051	0.00576534
-0.05	0.00634387
-0.049	0.00697829
-0.048	0.0076737
-0.047	0.00843558
-0.046	0.00926988
-0.045	0.010183
-0.044	0.0111819
-0.043	0.0122739
-0.042	0.013467
-0.041	0.0147698
-0.04	0.0161915
-0.039	0.0177417
-0.038	0.019431
-0.037	0.0212703
-0.036	0.0232714
-0.035	0.0254467
-0.034	0.0278092
-0.033	0.0303727
-0.032	0.0331516
-0.031	0.0361609
-0.03	0.0394162
-0.029	0.0429336
-0.028	0.0467297
-0.027	0.0508215
-0.026	0.0552263
-0.025	0.0599615
-0.024	0.0650446
-0.023	0.070493
-0.022	0.0763238
-0.021	0.0825536
-0.02	0.0891984
-0.019	0.0962731
-0.018	0.103792
-0.017	0.111767
-0.016	0.120209
-0.015	0.129127
-0.014	0.138527
-0.013	0.148415
-0.012	0.158791
-0.011	0.169655
-0.01	0.181001
-0.009	0.192822
-0.008	0.205107
-0.007	0.217842
-0.006	0.231009
-0.005	0.244587
-0.004	0.25855
-0.003	0.272873
-0.002	0.287524
-0.001	0.30247
7.63278e-17	0.317677
0.001	0.333106
0.002	0.34872
0.003	0.364479
0.004	0.380342
0.005	0.396268
0.006	0.412219
0.007	0.428153
0.008	0.444033
0.009	0.459822
0.01	0.476905
0.011	0.490986
0.012	0.506297
0.013	0.521389
0.014	0.536236
0.015	0.550814
0.016	0.565104
0.017	0.579086
0.018	0.592746
0.019	0.606072
0.02	0.619053
0.021	0.631682
0.022	0.643952
0.023	0.655862
0.024	0.667408
0.025	0.678591
0.026	0.689413
0.027	0.699877
0.028	0.709988
0.029	0.71975
0.03	0.72917
0.031	0.738256
0.032	0.747014
0.033	0.755454
0.034	0.763583
0.035	0.771411
0.036	0.778948
0.037	0.786201
0.038	0.793182
0.039	0.799899
0.04	0.806361
0.041	0.812579
0.042	0.81856
0.043	0.824315
0.044	0.829851
0.045	0.835178
0.046	0.840304
0.047	0.845237
0.048	0.849985
0.049	0.854555
0.05	0.858955
0.051	0.863192
0.052	0.867272
0.053	0.871202
0.054	0.87499
0.055	0.878639
0.056	0.882157
0.057	0.885548
0.058	0.888819
0.059	0.891974
0.06	0.895018
0.061	0.897956
0.062	0.900791
0.063	0.903529
0.064	0.906173
0.065	0.908728
0.066	0.911196
0.067	0.913582
0.068	0.915888
0.069	0.918118
0.07	0.920276
0.071	0.922363
0.072	0.924382
0.073	0.926337
0.074	0.92823
0.075	0.930063
0.076	0.931839
0.077	0.933559
0.078	0.935227
0.079	0.936843
0.08	0.93841
0.081	0.939929
0.082	0.941403
0.083	0.942833
0.084	0.94422
0.085	0.945567
0.086	0.946874
0.087	0.948144
0.088	0.949377
0.089	0.950574
0.09	0.951737
0.091	0.952868
0.092	0.953967
0.093	0.955035
0.094	0.956073
0.095	0.957083
0.096	0.958065
0.097	0.959021
0.098	0.95995
0.099	0.960855
