-0.1	3.14381e-18
-0.099	4.75357e-18
-0.098	7.18515e-18
-0.097	1.08568e-17
-0.096	1.6399e-17
-0.095	2.47614e-17
-0.094	3.73745e-17
-0.093	5.63916e-17
-0.092	8.50529e-17
-0.091	1.28232e-16
-0.09	1.93254e-16
-0.089	2.91131e-16
-0.088	4.38399e-16
-0.087	6.59885e-16
-0.086	9.92841e-16
-0.085	1.49314e-15
-0.084	2.24454e-15
-0.083	3.37252e-15
-0.082	5.06499e-15
-0.081	7.60317e-15
-0.08	1.14077e-14
-0.079	1.71073e-14
-0.078	2.56415e-14
-0.077	3.84128e-14
-0.076	5.7514e-14
-0.075	8.60659e-14
-0.074	1.28719e-13
-0.073	1.92398e-13
-0.072	2.87409e-13
-0.071	4.29076e-13
-0.07	6.40168e-13
-0.069	9.54493e-13
-0.068	1.42221e-12
-0.067	2.11766e-12
-0.066	3.15097e-12
-0.065	4.68508e-12
-0.064	6.96091e-12
-0.063	1.03343e-11
-0.062	1.53304e-11
-0.061	2.27232e-11
-0.06	3.36526e-11
-0.059	4.97956e-11
-0.058	7.36159e-11
-0.057	1.0873e-10
-0.056	1.60438e-10
-0.055	2.36502e-10
-0.054	3.48268e-10
-0.053	5.12306e-10
-0.052	7.52772e-10
-0.051	1.10484e-09
-0.05	1.61963e-09
-0.049	2.37136e-09
-0.048	3.46752e-09
-0.047	5.0636e-09
-0.046	7.38407e-09
-0.045	1.07523e-08
-0.044	1.56335e-08
-0.043	2.26948e-08
-0.042	3.28917e-08
-0.041	4.75887e-08
-0.04	6.87303e-08
-0.039	9.90799e-08
-0.038	1.42554e-07
-0.037	2.04689e-07
-0.036	2.93284e-07
-0.035	4.19298e-07
-0.034	5.98072e-07
-0.033	8.5101e-07
-0.032	1.20787e-06
-0.031	1.70985e-06
-0.03	2.41379e-06
-0.029	3.39774e-06
-0.028	4.76841e-06
-0.027	6.67101e-06
-0.026	9.30217e-06
-0.025	1.29268e-05
-0.024	1.78997e-05
-0.023	2.46936e-05
-0.022	3.39344e-05
-0.021	4.64456e-05
-0.02	6.33036e-05
-0.019	8.59054e-05
-0.018	0.000116052
-0.017	0.000156045
-0.016	0.000208806
-0.015	0.000278012
-0.014	0.00036825
-0.013	0.00048519
-0.012	0.000635779
-0.011	0.000828442
-0.01	0.0010733
-0.009	0.00138237
-0.008	0.00176979
-0.007	0.00225199
-0.006	0.00284784
-0.005	0.00357874
-0.004	0.0044687
-0.003	0.00554425
-0.002	0.00683434
-0.001	0.00837012
7.63278e-17	0.0101846
0.001	0.0123121
0.002	0.014788
0.003	0.0176477
0.004	0.0209264
0.005	0.024658
0.006	0.0288742
0.007	0.0336044
0.008	0.0388742
0.009	0.0447052
0.01	0.0517282
0.011	0.0581134
0.012	0.0657086
0.013	0.0739007
0.014	0.0826845
0.015	0.0920494
0.016	0.101979
0.017	0.112453
0.018	0.123446
0.019	0.134927
0.02	0.146863
0.021	0.159218
0.022	0.171955
0.023	0.185033
0.024	0.198411
0.025	0.212047
0.026	0.225901
0.027	0.239932
0.028	0.254099
0.029	0.268366
0.03	0.282694
0.031	0.297049
0.032	0.311398
0.033	0.32571
0.034	0.339958
0.035	0.354115
0.036	0.368157
0.037	0.382063
0.038	0.395814
0.039	0.409393
0.04	0.422784
0.041	0.435975
0.042	0.448955
0.043	0.461714
0.044	0.474244
0.045	0.486538
0.046	0.498593
0.047	0.510404
0.048	0.521969
0.049	0.533286
0.05	0.544354
0.051	0.555174
0.052	0.565746
0.053	0.576072
0.054	0.586154
0.055	0.595994
0.056	0.605596
0.057	0.614964
0.058	0.624099
0.059	0.633008
0.06	0.641693
0.061	0.650159
0.062	0.65841
0.063	0.666452
0.064	0.674288
0.065	0.681923
0.066	0.689362
0.067	0.69661
0.068	0.703671
0.069	0.71055
0.07	0.717252
0.071	0.723781
0.072	0.730141
0.073	0.736337
0.074	0.742374
0.075	0.748256
0.076	0.753986
0.077	0.75957
0.078	0.76501
0.079	0.770312
0.08	0.775478
0.081	0.780513
0.082	0.78542
0.083	0.790203
0.084	0.794865
0.085	0.799409
0.086	0.803839
0.087	0.808159
0.088	0.81237
0.089	0.816477
0.09	0.820481
0.091	0.824387
0.092	0.828196
0.093	0.831911
0.094	0.835535
0.095	0.839071
0.096	0.842521
0.097	0.845886
0.098	0.84917
0.099	0.852376
