0	1.38201e-14
1e-05	1.3818e-14
2e-05	1.38159e-14
3e-05	1.38139e-14
4e-05	1.38118e-14
5e-05	1.38098e-14
6e-05	1.38077e-14
7e-05	1.38057e-14
8e-05	1.38036e-14
9e-05	1.38016e-14
0.0001	1.37995e-14
0.00011	1.37975e-14
0.00012	1.37954e-14
0.00013	1.37934e-14
0.00014	1.37914e-14
0.00015	1.37893e-14
0.00016	1.37873e-14
0.00017	1.37853e-14
0.00018	1.37833e-14
0.00019	1.37812e-14
0.0002	1.37792e-14
0.00021	1.37772e-14
0.00022	1.37751e-14
0.00023	1.37731e-14
0.00024	1.37711e-14
0.00025	1.37691e-14
0.00026	1.37671e-14
0.00027	1.3765e-14
0.00028	1.3763e-14
0.00029	1.3761e-14
0.0003	1.3759e-14
0.00031	1.37569e-14
0.00032	1.37549e-14
0.00033	1.37529e-14
0.00034	1.37509e-14
0.00035	1.37489e-14
0.00036	1.37468e-14
0.00037	1.37448e-14
0.00038	1.37428e-14
0.00039	1.37408e-14
0.0004	1.37387e-14
0.00041	1.37367e-14
0.00042	1.37347e-14
0.00043	1.37327e-14
0.00044	1.37306e-14
0.00045	1.37286e-14
0.00046	1.37266e-14
0.00047	1.37246e-14
0.00048	1.37226e-14
0.00049	1.37205e-14
0.0005	1.37185e-14
0.00051	1.37165e-14
0.00052	1.37145e-14
0.00053	1.37124e-14
0.00054	1.37104e-14
0.00055	1.37084e-14
0.00056	1.37064e-14
0.00057	1.37043e-14
0.00058	1.37023e-14
0.00059	1.37003e-14
0.0006	1.36983e-14
0.00061	1.36962e-14
0.00062	1.36942e-14
0.00063	1.36922e-14
0.00064	1.36901e-14
0.00065	1.36881e-14
0.00066	1.36861e-14
0.00067	1.36841e-14
0.00068	1.3682e-14
0.00069	1.368e-14
0.0007	1.3678e-14
0.00071	1.3676e-14
0.00072	1.3674e-14
0.00073	1.36719e-14
0.00074	1.36699e-14
0.00075	1.36679e-14
0.00076	1.36659e-14
0.00077	1.36638e-14
0.00078	1.36618e-14
0.00079	1.36598e-14
0.0008	1.36578e-14
0.00081	1.36558e-14
0.00082	1.36537e-14
0.00083	1.36517e-14
0.00084	1.36497e-14
0.00085	1.36477e-14
0.00086	1.36457e-14
0.00087	1.36436e-14
0.00088	1.36416e-14
0.00089	1.36396e-14
0.0009	1.36376e-14
0.00091	1.36356e-14
0.00092	1.36336e-14
0.00093	1.36316e-14
0.00094	1.36296e-14
0.00095	1.36275e-14
0.00096	1.36255e-14
0.00097	1.36235e-14
0.00098	1.36215e-14
0.00099	1.36195e-14
0.001	1.36175e-14
0.00101	1.36155e-14
0.00102	1.36135e-14
0.00103	1.36115e-14
0.00104	1.36095e-14
0.00105	1.36075e-14
0.00106	1.36055e-14
0.00107	1.36035e-14
0.00108	1.36015e-14
0.00109	1.35996e-14
0.0011	1.35976e-14
0.00111	1.35956e-14
0.00112	1.35936e-14
0.00113	1.35916e-14
0.00114	1.35896e-14
0.00115	1.35876e-14
0.00116	1.35857e-14
0.00117	1.35837e-14
0.00118	1.35817e-14
0.00119	1.35797e-14
0.0012	1.35778e-14
0.00121	1.35758e-14
0.00122	1.35738e-14
0.00123	1.35719e-14
0.00124	1.35699e-14
0.00125	1.35679e-14
0.00126	1.3566e-14
0.00127	1.3564e-14
0.00128	1.35621e-14
0.00129	1.35601e-14
0.0013	1.35582e-14
0.00131	1.35562e-14
0.00132	1.35543e-14
0.00133	1.35523e-14
0.00134	1.35504e-14
0.00135	1.35484e-14
0.00136	1.35465e-14
0.00137	1.35446e-14
0.00138	1.35426e-14
0.00139	1.35407e-14
0.0014	1.35388e-14
0.00141	1.35368e-14
0.00142	1.35349e-14
0.00143	1.3533e-14
0.00144	1.35311e-14
0.00145	1.35292e-14
0.00146	1.35272e-14
0.00147	1.35253e-14
0.00148	1.35234e-14
0.00149	1.35215e-14
0.0015	1.35196e-14
0.00151	1.35177e-14
0.00152	1.35158e-14
0.00153	1.35139e-14
0.00154	1.3512e-14
0.00155	1.35101e-14
0.00156	1.35083e-14
0.00157	1.35064e-14
0.00158	1.35045e-14
0.00159	1.35026e-14
0.0016	1.35007e-14
0.00161	1.34989e-14
0.00162	1.3497e-14
0.00163	1.34951e-14
0.00164	1.34933e-14
0.00165	1.34914e-14
0.00166	1.34896e-14
0.00167	1.34877e-14
0.00168	1.34859e-14
0.00169	1.3484e-14
0.0017	1.34822e-14
0.00171	1.34803e-14
0.00172	1.34785e-14
0.00173	1.34767e-14
0.00174	1.34748e-14
0.00175	1.3473e-14
0.00176	1.34712e-14
0.00177	1.34694e-14
0.00178	1.34675e-14
0.00179	1.34657e-14
0.0018	1.34639e-14
0.00181	1.34621e-14
0.00182	1.34603e-14
0.00183	1.34585e-14
0.00184	1.34567e-14
0.00185	1.34549e-14
0.00186	1.34531e-14
0.00187	1.34513e-14
0.00188	1.34496e-14
0.00189	1.34478e-14
0.0019	1.3446e-14
0.00191	1.34442e-14
0.00192	1.34425e-14
0.00193	1.34407e-14
0.00194	1.3439e-14
0.00195	1.34372e-14
0.00196	1.34354e-14
0.00197	1.34337e-14
0.00198	1.34319e-14
0.00199	1.34302e-14
0.002	1.3538e-14
0.00201	1.36455e-14
0.00202	1.37527e-14
0.00203	1.38598e-14
0.00204	1.39667e-14
0.00205	1.40734e-14
0.00206	1.418e-14
0.00207	1.42865e-14
0.00208	1.43929e-14
0.00209	1.44993e-14
0.0021	1.46056e-14
0.00211	1.47119e-14
0.00212	1.48182e-14
0.00213	1.49246e-14
0.00214	1.5031e-14
0.00215	1.51375e-14
0.00216	1.52441e-14
0.00217	1.53508e-14
0.00218	1.54576e-14
0.00219	1.55647e-14
0.0022	1.56718e-14
0.00221	1.57792e-14
0.00222	1.58868e-14
0.00223	1.59947e-14
0.00224	1.61028e-14
0.00225	1.62111e-14
0.00226	1.63198e-14
0.00227	1.64288e-14
0.00228	1.65381e-14
0.00229	1.66478e-14
0.0023	1.67578e-14
0.00231	1.68683e-14
0.00232	1.69791e-14
0.00233	1.70904e-14
0.00234	1.72022e-14
0.00235	1.73144e-14
0.00236	1.74271e-14
0.00237	1.75403e-14
0.00238	1.76541e-14
0.00239	1.77684e-14
0.0024	1.78832e-14
0.00241	1.79987e-14
0.00242	1.81148e-14
0.00243	1.82316e-14
0.00244	1.8349e-14
0.00245	1.8467e-14
0.00246	1.85858e-14
0.00247	1.87054e-14
0.00248	1.88256e-14
0.00249	1.89467e-14
0.0025	1.90685e-14
0.00251	1.91912e-14
0.00252	1.93147e-14
0.00253	1.9439e-14
0.00254	1.95643e-14
0.00255	1.96905e-14
0.00256	1.98177e-14
0.00257	1.99458e-14
0.00258	2.00749e-14
0.00259	2.02051e-14
0.0026	2.03363e-14
0.00261	2.04686e-14
0.00262	2.0602e-14
0.00263	2.07366e-14
0.00264	2.08724e-14
0.00265	2.10093e-14
0.00266	2.11476e-14
0.00267	2.12871e-14
0.00268	2.14279e-14
0.00269	2.157e-14
0.0027	2.17136e-14
0.00271	2.18585e-14
0.00272	2.20049e-14
0.00273	2.21529e-14
0.00274	2.23023e-14
0.00275	2.24533e-14
0.00276	2.2606e-14
0.00277	2.27603e-14
0.00278	2.29163e-14
0.00279	2.30741e-14
0.0028	2.32337e-14
0.00281	2.33952e-14
0.00282	2.35585e-14
0.00283	2.37238e-14
0.00284	2.38911e-14
0.00285	2.40605e-14
0.00286	2.4232e-14
0.00287	2.44057e-14
0.00288	2.45816e-14
0.00289	2.47598e-14
0.0029	2.49404e-14
0.00291	2.51235e-14
0.00292	2.5309e-14
0.00293	2.54971e-14
0.00294	2.56879e-14
0.00295	2.58814e-14
0.00296	2.60778e-14
0.00297	2.6277e-14
0.00298	2.64792e-14
0.00299	2.66845e-14
0.003	2.67653e-14
0.00301	2.68483e-14
0.00302	2.69337e-14
0.00303	2.70212e-14
0.00304	2.71111e-14
0.00305	2.72031e-14
0.00306	2.72974e-14
0.00307	2.73939e-14
0.00308	2.74926e-14
0.00309	2.75934e-14
0.0031	2.76964e-14
0.00311	2.78016e-14
0.00312	2.7909e-14
0.00313	2.80185e-14
0.00314	2.81301e-14
0.00315	2.82439e-14
0.00316	2.83599e-14
0.00317	2.8478e-14
0.00318	2.85983e-14
0.00319	2.87207e-14
0.0032	2.88453e-14
0.00321	2.89721e-14
0.00322	2.9101e-14
0.00323	2.92322e-14
0.00324	2.93656e-14
0.00325	2.95012e-14
0.00326	2.96391e-14
0.00327	2.97792e-14
0.00328	2.99217e-14
0.00329	3.00665e-14
0.0033	3.02136e-14
0.00331	3.03632e-14
0.00332	3.05151e-14
0.00333	3.06695e-14
0.00334	3.08264e-14
0.00335	3.09858e-14
0.00336	3.11478e-14
0.00337	3.13124e-14
0.00338	3.14797e-14
0.00339	3.16497e-14
0.0034	3.18225e-14
0.00341	3.19981e-14
0.00342	3.21766e-14
0.00343	3.23581e-14
0.00344	3.25426e-14
0.00345	3.27301e-14
0.00346	3.29209e-14
0.00347	3.31148e-14
0.00348	3.33121e-14
0.00349	3.35128e-14
0.0035	3.3717e-14
0.00351	3.39247e-14
0.00352	3.41362e-14
0.00353	3.43514e-14
0.00354	3.45705e-14
0.00355	3.47936e-14
0.00356	3.50209e-14
0.00357	3.52523e-14
0.00358	3.54882e-14
0.00359	3.57285e-14
0.0036	3.59735e-14
0.00361	3.62232e-14
0.00362	3.6478e-14
0.00363	3.67378e-14
0.00364	3.70029e-14
0.00365	3.72734e-14
0.00366	3.75496e-14
0.00367	3.78316e-14
0.00368	3.81196e-14
0.00369	3.84139e-14
0.0037	3.87147e-14
0.00371	3.90222e-14
0.00372	3.93367e-14
0.00373	3.96584e-14
0.00374	3.99876e-14
0.00375	4.03246e-14
0.00376	4.06697e-14
0.00377	4.10232e-14
0.00378	4.13856e-14
0.00379	4.1757e-14
0.0038	4.2138e-14
0.00381	4.25288e-14
0.00382	4.29301e-14
0.00383	4.33421e-14
0.00384	4.37653e-14
0.00385	4.42004e-14
0.00386	4.46477e-14
0.00387	4.51079e-14
0.00388	4.55816e-14
0.00389	4.60694e-14
0.0039	4.6572e-14
0.00391	4.70901e-14
0.00392	4.76244e-14
0.00393	4.81759e-14
0.00394	4.87454e-14
0.00395	4.93337e-14
0.00396	4.9942e-14
0.00397	5.05713e-14
0.00398	5.12227e-14
0.00399	5.18975e-14
0.004	5.25969e-14
0.00401	5.33224e-14
0.00402	5.40755e-14
0.00403	5.48579e-14
0.00404	5.56713e-14
0.00405	5.65176e-14
0.00406	5.73988e-14
0.00407	5.83173e-14
0.00408	5.92753e-14
0.00409	6.02756e-14
0.0041	6.13208e-14
0.00411	6.24142e-14
0.00412	6.35591e-14
0.00413	6.47591e-14
0.00414	6.60182e-14
0.00415	6.73407e-14
0.00416	6.87315e-14
0.00417	7.01957e-14
0.00418	7.17391e-14
0.00419	7.33679e-14
0.0042	7.50892e-14
0.00421	7.69106e-14
0.00422	7.88405e-14
0.00423	8.08883e-14
0.00424	8.30643e-14
0.00425	8.538e-14
0.00426	8.78482e-14
0.00427	9.0483e-14
0.00428	9.33004e-14
0.00429	9.63178e-14
0.0043	9.9555e-14
0.00431	1.03034e-13
0.00432	1.06779e-13
0.00433	1.10819e-13
0.00434	1.15183e-13
0.00435	1.19907e-13
0.00436	1.25028e-13
0.00437	1.30591e-13
0.00438	1.36644e-13
0.00439	1.43241e-13
0.0044	1.5044e-13
0.00441	1.5831e-13
0.00442	1.66922e-13
0.00443	1.76356e-13
0.00444	1.86697e-13
0.00445	1.98037e-13
0.00446	2.10471e-13
0.00447	2.24097e-13
0.00448	2.39012e-13
0.00449	2.55307e-13
0.0045	2.73064e-13
0.00451	2.92349e-13
0.00452	3.13203e-13
0.00453	3.35642e-13
0.00454	3.59641e-13
0.00455	3.85141e-13
0.00456	4.12038e-13
0.00457	4.40193e-13
0.00458	4.69436e-13
0.00459	4.99572e-13
0.0046	5.30403e-13
0.00461	5.61733e-13
0.00462	5.93385e-13
0.00463	6.25213e-13
0.00464	6.57102e-13
0.00465	6.88974e-13
0.00466	7.20786e-13
0.00467	7.5252e-13
0.00468	7.84182e-13
0.00469	8.1579e-13
0.0047	8.47369e-13
0.00471	8.78947e-13
0.00472	9.10549e-13
0.00473	9.42195e-13
0.00474	9.739e-13
0.00475	1.00567e-12
0.00476	1.03751e-12
0.00477	1.06942e-12
0.00478	1.10139e-12
0.00479	1.1334e-12
0.0048	1.16544e-12
0.00481	1.1975e-12
0.00482	1.22955e-12
0.00483	1.26157e-12
0.00484	1.29355e-12
0.00485	1.32546e-12
0.00486	1.35728e-12
0.00487	1.38899e-12
0.00488	1.42056e-12
0.00489	1.45198e-12
0.0049	1.48322e-12
0.00491	1.51426e-12
0.00492	1.54508e-12
0.00493	1.57566e-12
0.00494	1.60598e-12
0.00495	1.63602e-12
0.00496	1.66576e-12
0.00497	1.69519e-12
0.00498	1.72428e-12
0.00499	1.75303e-12
0.005	1.7814e-12
0.00501	1.8094e-12
0.00502	1.837e-12
0.00503	1.86419e-12
0.00504	1.89096e-12
0.00505	1.91729e-12
0.00506	1.94318e-12
0.00507	1.96861e-12
0.00508	1.99356e-12
0.00509	2.01804e-12
0.0051	2.04204e-12
0.00511	2.06553e-12
0.00512	2.08852e-12
0.00513	2.111e-12
0.00514	2.13296e-12
0.00515	2.1544e-12
0.00516	2.17531e-12
0.00517	2.19568e-12
0.00518	2.21552e-12
0.00519	2.23482e-12
0.0052	2.25357e-12
0.00521	2.27177e-12
0.00522	2.28943e-12
0.00523	2.30653e-12
0.00524	2.32308e-12
0.00525	2.33908e-12
0.00526	2.35452e-12
0.00527	2.36942e-12
0.00528	2.38376e-12
0.00529	2.39754e-12
0.0053	2.41078e-12
0.00531	2.42347e-12
0.00532	2.43562e-12
0.00533	2.44722e-12
0.00534	2.45828e-12
0.00535	2.4688e-12
0.00536	2.47879e-12
0.00537	2.48824e-12
0.00538	2.49717e-12
0.00539	2.50558e-12
0.0054	2.51346e-12
0.00541	2.52083e-12
0.00542	2.52768e-12
0.00543	2.53403e-12
0.00544	2.53988e-12
0.00545	2.54524e-12
0.00546	2.5501e-12
0.00547	2.55447e-12
0.00548	2.55837e-12
0.00549	2.56179e-12
0.0055	2.56474e-12
0.00551	2.56723e-12
0.00552	2.56926e-12
0.00553	2.57083e-12
0.00554	2.57196e-12
0.00555	2.57265e-12
0.00556	2.57291e-12
0.00557	2.57273e-12
0.00558	2.57214e-12
0.00559	2.57112e-12
0.0056	2.5697e-12
0.00561	2.56787e-12
0.00562	2.56565e-12
0.00563	2.56303e-12
0.00564	2.56003e-12
0.00565	2.55664e-12
0.00566	2.55289e-12
0.00567	2.54876e-12
0.00568	2.54428e-12
0.00569	2.53943e-12
0.0057	2.53424e-12
0.00571	2.52871e-12
0.00572	2.52283e-12
0.00573	2.51663e-12
0.00574	2.51009e-12
0.00575	2.50324e-12
0.00576	2.49607e-12
0.00577	2.4886e-12
0.00578	2.48082e-12
0.00579	2.47274e-12
0.0058	2.46437e-12
0.00581	2.45571e-12
0.00582	2.44677e-12
0.00583	2.43756e-12
0.00584	2.42807e-12
0.00585	2.41831e-12
0.00586	2.4083e-12
0.00587	2.39803e-12
0.00588	2.38751e-12
0.00589	2.37674e-12
0.0059	2.36573e-12
0.00591	2.35449e-12
0.00592	2.34301e-12
0.00593	2.3313e-12
0.00594	2.31938e-12
0.00595	2.30723e-12
0.00596	2.29486e-12
0.00597	2.28229e-12
0.00598	2.26951e-12
0.00599	2.25653e-12
0.006	2.24335e-12
0.00601	2.22997e-12
0.00602	2.2164e-12
0.00603	2.20264e-12
0.00604	2.1887e-12
0.00605	2.17457e-12
0.00606	2.16027e-12
0.00607	2.14579e-12
0.00608	2.13113e-12
0.00609	2.11631e-12
0.0061	2.10131e-12
0.00611	2.08615e-12
0.00612	2.07083e-12
0.00613	2.05534e-12
0.00614	2.03969e-12
0.00615	2.02389e-12
0.00616	2.00793e-12
0.00617	1.99181e-12
0.00618	1.97553e-12
0.00619	1.9591e-12
0.0062	1.94252e-12
0.00621	1.92578e-12
0.00622	1.90889e-12
0.00623	1.89185e-12
0.00624	1.87465e-12
0.00625	1.8573e-12
0.00626	1.8398e-12
0.00627	1.82214e-12
0.00628	1.80432e-12
0.00629	1.78634e-12
0.0063	1.76821e-12
0.00631	1.74991e-12
0.00632	1.73145e-12
0.00633	1.71282e-12
0.00634	1.69403e-12
0.00635	1.67506e-12
0.00636	1.65591e-12
0.00637	1.63659e-12
0.00638	1.61709e-12
0.00639	1.5974e-12
0.0064	1.57752e-12
0.00641	1.55745e-12
0.00642	1.53718e-12
0.00643	1.5167e-12
0.00644	1.49602e-12
0.00645	1.47512e-12
0.00646	1.45401e-12
0.00647	1.43268e-12
0.00648	1.41111e-12
0.00649	1.38931e-12
0.0065	1.36728e-12
0.00651	1.345e-12
0.00652	1.32247e-12
0.00653	1.29968e-12
0.00654	1.27664e-12
0.00655	1.25334e-12
0.00656	1.22977e-12
0.00657	1.20593e-12
0.00658	1.18182e-12
0.00659	1.15743e-12
0.0066	1.13277e-12
0.00661	1.10783e-12
0.00662	1.08261e-12
0.00663	1.05713e-12
0.00664	1.03138e-12
0.00665	1.00536e-12
0.00666	9.79088e-13
0.00667	9.52572e-13
0.00668	9.25823e-13
0.00669	8.98855e-13
0.0067	8.71687e-13
0.00671	8.44337e-13
0.00672	8.16831e-13
0.00673	7.89195e-13
0.00674	7.61459e-13
0.00675	7.33659e-13
0.00676	7.05832e-13
0.00677	6.7802e-13
0.00678	6.50269e-13
0.00679	6.22628e-13
0.0068	5.9515e-13
0.00681	5.67892e-13
0.00682	5.40911e-13
0.00683	5.14268e-13
0.00684	4.88026e-13
0.00685	4.62248e-13
0.00686	4.36997e-13
0.00687	4.12335e-13
0.00688	3.88322e-13
0.00689	3.65015e-13
0.0069	3.42468e-13
0.00691	3.20729e-13
0.00692	2.9984e-13
0.00693	2.79838e-13
0.00694	2.60752e-13
0.00695	2.42603e-13
0.00696	2.25404e-13
0.00697	2.09163e-13
0.00698	1.93877e-13
0.00699	1.79537e-13
0.007	1.66128e-13
0.00701	1.53628e-13
0.00702	1.42009e-13
0.00703	1.31241e-13
0.00704	1.21286e-13
0.00705	1.12108e-13
0.00706	1.03664e-13
0.00707	9.59142e-14
0.00708	8.88151e-14
0.00709	8.23244e-14
0.0071	7.64e-14
0.00711	7.10009e-14
0.00712	6.60875e-14
0.00713	6.16216e-14
0.00714	5.75672e-14
0.00715	5.38898e-14
0.00716	5.05573e-14
0.00717	4.75396e-14
0.00718	4.48088e-14
0.00719	4.23388e-14
0.0072	4.01057e-14
0.00721	3.80875e-14
0.00722	3.62641e-14
0.00723	3.46168e-14
0.00724	3.31289e-14
0.00725	3.1785e-14
0.00726	3.05712e-14
0.00727	2.94748e-14
0.00728	2.84844e-14
0.00729	2.75894e-14
0.0073	2.67806e-14
0.00731	2.60495e-14
0.00732	2.53884e-14
0.00733	2.47904e-14
0.00734	2.42493e-14
0.00735	2.37594e-14
0.00736	2.33158e-14
0.00737	2.29138e-14
0.00738	2.25494e-14
0.00739	2.22189e-14
0.0074	2.19189e-14
0.00741	2.16464e-14
0.00742	2.13989e-14
0.00743	2.11738e-14
0.00744	2.0969e-14
0.00745	2.07824e-14
0.00746	2.06124e-14
0.00747	2.04574e-14
0.00748	2.03158e-14
0.00749	2.01865e-14
0.0075	2.00683e-14
0.00751	1.996e-14
0.00752	1.98608e-14
0.00753	1.97697e-14
0.00754	1.96861e-14
0.00755	1.96093e-14
0.00756	1.95385e-14
0.00757	1.94732e-14
0.00758	1.9413e-14
0.00759	1.93573e-14
0.0076	1.93058e-14
0.00761	1.9258e-14
0.00762	1.92136e-14
0.00763	1.91724e-14
0.00764	1.91339e-14
0.00765	1.9098e-14
0.00766	1.90644e-14
0.00767	1.9033e-14
0.00768	1.90035e-14
0.00769	1.89757e-14
0.0077	1.89495e-14
0.00771	1.89249e-14
0.00772	1.89015e-14
0.00773	1.88793e-14
0.00774	1.88583e-14
0.00775	1.88382e-14
0.00776	1.88191e-14
0.00777	1.88008e-14
0.00778	1.87833e-14
0.00779	1.87665e-14
0.0078	1.87503e-14
0.00781	1.87347e-14
0.00782	1.87196e-14
0.00783	1.8705e-14
0.00784	1.86909e-14
0.00785	1.86771e-14
0.00786	1.86638e-14
0.00787	1.86507e-14
0.00788	1.8638e-14
0.00789	1.86256e-14
0.0079	1.86134e-14
0.00791	1.86014e-14
0.00792	1.85897e-14
0.00793	1.85781e-14
0.00794	1.85668e-14
0.00795	1.85556e-14
0.00796	1.85445e-14
0.00797	1.85336e-14
0.00798	1.85228e-14
0.00799	1.85121e-14
0.008	1.85015e-14
0.00801	1.8491e-14
0.00802	1.84805e-14
0.00803	1.84702e-14
0.00804	1.84599e-14
0.00805	1.84497e-14
0.00806	1.84395e-14
0.00807	1.84294e-14
0.00808	1.84193e-14
0.00809	1.84092e-14
0.0081	1.83992e-14
0.00811	1.83892e-14
0.00812	1.83792e-14
0.00813	1.83693e-14
0.00814	1.83594e-14
0.00815	1.83495e-14
0.00816	1.83396e-14
0.00817	1.83297e-14
0.00818	1.83198e-14
0.00819	1.83099e-14
0.0082	1.83e-14
0.00821	1.82901e-14
0.00822	1.82803e-14
0.00823	1.82704e-14
0.00824	1.82605e-14
0.00825	1.82506e-14
0.00826	1.82407e-14
0.00827	1.82308e-14
0.00828	1.82209e-14
0.00829	1.8211e-14
0.0083	1.82011e-14
0.00831	1.81911e-14
0.00832	1.81812e-14
0.00833	1.81712e-14
0.00834	1.81612e-14
0.00835	1.81512e-14
0.00836	1.81412e-14
0.00837	1.81312e-14
0.00838	1.81212e-14
0.00839	1.81111e-14
0.0084	1.8101e-14
0.00841	1.8091e-14
0.00842	1.80808e-14
0.00843	1.80707e-14
0.00844	1.80606e-14
0.00845	1.80504e-14
0.00846	1.80402e-14
0.00847	1.803e-14
0.00848	1.80198e-14
0.00849	1.80096e-14
0.0085	1.79993e-14
0.00851	1.79891e-14
0.00852	1.79788e-14
0.00853	1.79685e-14
0.00854	1.79581e-14
0.00855	1.79478e-14
0.00856	1.79374e-14
0.00857	1.7927e-14
0.00858	1.79166e-14
0.00859	1.79062e-14
0.0086	1.78957e-14
0.00861	1.78853e-14
0.00862	1.78748e-14
0.00863	1.78642e-14
0.00864	1.78537e-14
0.00865	1.78432e-14
0.00866	1.78326e-14
0.00867	1.7822e-14
0.00868	1.78114e-14
0.00869	1.78007e-14
0.0087	1.77901e-14
0.00871	1.77794e-14
0.00872	1.77687e-14
0.00873	1.7758e-14
0.00874	1.77472e-14
0.00875	1.77365e-14
0.00876	1.77257e-14
0.00877	1.77149e-14
0.00878	1.77041e-14
0.00879	1.76932e-14
0.0088	1.76824e-14
0.00881	1.76715e-14
0.00882	1.76606e-14
0.00883	1.76497e-14
0.00884	1.76387e-14
0.00885	1.76278e-14
0.00886	1.76168e-14
0.00887	1.76058e-14
0.00888	1.75948e-14
0.00889	1.75837e-14
0.0089	1.75727e-14
0.00891	1.75616e-14
0.00892	1.75505e-14
0.00893	1.75394e-14
0.00894	1.75282e-14
0.00895	1.75171e-14
0.00896	1.75059e-14
0.00897	1.74947e-14
0.00898	1.74835e-14
0.00899	1.74722e-14
0.009	1.7461e-14
0.00901	1.74497e-14
0.00902	1.74384e-14
0.00903	1.74271e-14
0.00904	1.74157e-14
0.00905	1.74044e-14
0.00906	1.7393e-14
0.00907	1.73816e-14
0.00908	1.73702e-14
0.00909	1.73588e-14
0.0091	1.73473e-14
0.00911	1.73359e-14
0.00912	1.73244e-14
0.00913	1.73129e-14
0.00914	1.73014e-14
0.00915	1.72898e-14
0.00916	1.72783e-14
0.00917	1.72667e-14
0.00918	1.72551e-14
0.00919	1.72435e-14
0.0092	1.72319e-14
0.00921	1.72202e-14
0.00922	1.72086e-14
0.00923	1.71969e-14
0.00924	1.71852e-14
0.00925	1.71735e-14
0.00926	1.71618e-14
0.00927	1.715e-14
0.00928	1.71382e-14
0.00929	1.71265e-14
0.0093	1.71147e-14
0.00931	1.71029e-14
0.00932	1.7091e-14
0.00933	1.70792e-14
0.00934	1.70673e-14
0.00935	1.70554e-14
0.00936	1.70435e-14
0.00937	1.70316e-14
0.00938	1.70197e-14
0.00939	1.70077e-14
0.0094	1.69958e-14
0.00941	1.69838e-14
0.00942	1.69718e-14
0.00943	1.69598e-14
0.00944	1.69478e-14
0.00945	1.69357e-14
0.00946	1.69237e-14
0.00947	1.69116e-14
0.00948	1.68995e-14
0.00949	1.68874e-14
0.0095	1.68753e-14
0.00951	1.68632e-14
0.00952	1.6851e-14
0.00953	1.68389e-14
0.00954	1.68267e-14
0.00955	1.68145e-14
0.00956	1.68023e-14
0.00957	1.67901e-14
0.00958	1.67779e-14
0.00959	1.67656e-14
0.0096	1.67534e-14
0.00961	1.67411e-14
0.00962	1.67288e-14
0.00963	1.67165e-14
0.00964	1.67042e-14
0.00965	1.66919e-14
0.00966	1.66796e-14
0.00967	1.66672e-14
0.00968	1.66548e-14
0.00969	1.66425e-14
0.0097	1.66301e-14
0.00971	1.66177e-14
0.00972	1.66053e-14
0.00973	1.65928e-14
0.00974	1.65804e-14
0.00975	1.65679e-14
0.00976	1.65555e-14
0.00977	1.6543e-14
0.00978	1.65305e-14
0.00979	1.6518e-14
0.0098	1.65055e-14
0.00981	1.6493e-14
0.00982	1.64805e-14
0.00983	1.64679e-14
0.00984	1.64554e-14
0.00985	1.64428e-14
0.00986	1.64302e-14
0.00987	1.64176e-14
0.00988	1.6405e-14
0.00989	1.63924e-14
0.0099	1.63798e-14
0.00991	1.63672e-14
0.00992	1.63545e-14
0.00993	1.63419e-14
0.00994	1.63292e-14
0.00995	1.63166e-14
0.00996	1.63039e-14
0.00997	1.62912e-14
0.00998	1.62785e-14
0.00999	1.62658e-14
0.01	1.62531e-14
