0	-3.83288e-15
1e-05	-3.83274e-15
2e-05	-3.8325e-15
3e-05	-3.83218e-15
4e-05	-3.83178e-15
5e-05	-3.83129e-15
6e-05	-3.83073e-15
7e-05	-3.8301e-15
8e-05	-3.82939e-15
9e-05	-3.82863e-15
0.0001	-3.8278e-15
0.00011	-3.82691e-15
0.00012	-3.82597e-15
0.00013	-3.82498e-15
0.00014	-3.82393e-15
0.00015	-3.82284e-15
0.00016	-3.8217e-15
0.00017	-3.82053e-15
0.00018	-3.81931e-15
0.00019	-3.81805e-15
0.0002	-3.81676e-15
0.00021	-3.81543e-15
0.00022	-3.81408e-15
0.00023	-3.81269e-15
0.00024	-3.81127e-15
0.00025	-3.80983e-15
0.00026	-3.80836e-15
0.00027	-3.80687e-15
0.00028	-3.80535e-15
0.00029	-3.80382e-15
0.0003	-3.80227e-15
0.00031	-3.80069e-15
0.00032	-3.7991e-15
0.00033	-3.7975e-15
0.00034	-3.79587e-15
0.00035	-3.79424e-15
0.00036	-3.79259e-15
0.00037	-3.79093e-15
0.00038	-3.78926e-15
0.00039	-3.78758e-15
0.0004	-3.78588e-15
0.00041	-3.78418e-15
0.00042	-3.78247e-15
0.00043	-3.78076e-15
0.00044	-3.77904e-15
0.00045	-3.77731e-15
0.00046	-3.77557e-15
0.00047	-3.77383e-15
0.00048	-3.77209e-15
0.00049	-3.77034e-15
0.0005	-3.76859e-15
0.00051	-3.76684e-15
0.00052	-3.76508e-15
0.00053	-3.76332e-15
0.00054	-3.76156e-15
0.00055	-3.7598e-15
0.00056	-3.75804e-15
0.00057	-3.75628e-15
0.00058	-3.75452e-15
0.00059	-3.75276e-15
0.0006	-3.75099e-15
0.00061	-3.74923e-15
0.00062	-3.74747e-15
0.00063	-3.74572e-15
0.00064	-3.74396e-15
0.00065	-3.74221e-15
0.00066	-3.74045e-15
0.00067	-3.7387e-15
0.00068	-3.73696e-15
0.00069	-3.73521e-15
0.0007	-3.73347e-15
0.00071	-3.73173e-15
0.00072	-3.73e-15
0.00073	-3.72827e-15
0.00074	-3.72654e-15
0.00075	-3.72481e-15
0.00076	-3.72309e-15
0.00077	-3.72138e-15
0.00078	-3.71966e-15
0.00079	-3.71796e-15
0.0008	-3.71625e-15
0.00081	-3.71456e-15
0.00082	-3.71286e-15
0.00083	-3.71117e-15
0.00084	-3.70949e-15
0.00085	-3.70781e-15
0.00086	-3.70614e-15
0.00087	-3.70447e-15
0.00088	-3.7028e-15
0.00089	-3.70114e-15
0.0009	-3.69949e-15
0.00091	-3.69784e-15
0.00092	-3.6962e-15
0.00093	-3.69457e-15
0.00094	-3.69294e-15
0.00095	-3.69131e-15
0.00096	-3.68969e-15
0.00097	-3.68808e-15
0.00098	-3.68647e-15
0.00099	-3.68487e-15
0.001	-3.68327e-15
0.00101	-3.68168e-15
0.00102	-3.6801e-15
0.00103	-3.67852e-15
0.00104	-3.67695e-15
0.00105	-3.67538e-15
0.00106	-3.67382e-15
0.00107	-3.67227e-15
0.00108	-3.67072e-15
0.00109	-3.66918e-15
0.0011	-3.66765e-15
0.00111	-3.66612e-15
0.00112	-3.6646e-15
0.00113	-3.66309e-15
0.00114	-3.66158e-15
0.00115	-3.66007e-15
0.00116	-3.65858e-15
0.00117	-3.65709e-15
0.00118	-3.6556e-15
0.00119	-3.65413e-15
0.0012	-3.65266e-15
0.00121	-3.65119e-15
0.00122	-3.64974e-15
0.00123	-3.64829e-15
0.00124	-3.64684e-15
0.00125	-3.6454e-15
0.00126	-3.64397e-15
0.00127	-3.64255e-15
0.00128	-3.64113e-15
0.00129	-3.63972e-15
0.0013	-3.63831e-15
0.00131	-3.63691e-15
0.00132	-3.63552e-15
0.00133	-3.63414e-15
0.00134	-3.63276e-15
0.00135	-3.63138e-15
0.00136	-3.63002e-15
0.00137	-3.62866e-15
0.00138	-3.62731e-15
0.00139	-3.62596e-15
0.0014	-3.62462e-15
0.00141	-3.62329e-15
0.00142	-3.62196e-15
0.00143	-3.62064e-15
0.00144	-3.61933e-15
0.00145	-3.61802e-15
0.00146	-3.61672e-15
0.00147	-3.61543e-15
0.00148	-3.61414e-15
0.00149	-3.61286e-15
0.0015	-3.61159e-15
0.00151	-3.61032e-15
0.00152	-3.60906e-15
0.00153	-3.60781e-15
0.00154	-3.60656e-15
0.00155	-3.60532e-15
0.00156	-3.60409e-15
0.00157	-3.60286e-15
0.00158	-3.60164e-15
0.00159	-3.60043e-15
0.0016	-3.59922e-15
0.00161	-3.59802e-15
0.00162	-3.59682e-15
0.00163	-3.59563e-15
0.00164	-3.59445e-15
0.00165	-3.59327e-15
0.00166	-3.59211e-15
0.00167	-3.59094e-15
0.00168	-3.58979e-15
0.00169	-3.58864e-15
0.0017	-3.58749e-15
0.00171	-3.58636e-15
0.00172	-3.58523e-15
0.00173	-3.5841e-15
0.00174	-3.58299e-15
0.00175	-3.58188e-15
0.00176	-3.58077e-15
0.00177	-3.57967e-15
0.00178	-3.57858e-15
0.00179	-3.5775e-15
0.0018	-3.57642e-15
0.00181	-3.57535e-15
0.00182	-3.57428e-15
0.00183	-3.57322e-15
0.00184	-3.57217e-15
0.00185	-3.57112e-15
0.00186	-3.57008e-15
0.00187	-3.56904e-15
0.00188	-3.56802e-15
0.00189	-3.56699e-15
0.0019	-3.56598e-15
0.00191	-3.56497e-15
0.00192	-3.56397e-15
0.00193	-3.56297e-15
0.00194	-3.56198e-15
0.00195	-3.56099e-15
0.00196	-3.56002e-15
0.00197	-3.55904e-15
0.00198	-3.55808e-15
0.00199	-3.55712e-15
0.002	-3.55834e-15
0.00201	-3.56445e-15
0.00202	-3.57524e-15
0.00203	-3.59051e-15
0.00204	-3.61009e-15
0.00205	-3.63381e-15
0.00206	-3.66154e-15
0.00207	-3.69317e-15
0.00208	-3.72857e-15
0.00209	-3.76766e-15
0.0021	-3.81036e-15
0.00211	-3.85659e-15
0.00212	-3.90629e-15
0.00213	-3.95941e-15
0.00214	-4.0159e-15
0.00215	-4.07572e-15
0.00216	-4.13885e-15
0.00217	-4.20526e-15
0.00218	-4.27492e-15
0.00219	-4.34783e-15
0.0022	-4.42397e-15
0.00221	-4.50335e-15
0.00222	-4.58595e-15
0.00223	-4.67179e-15
0.00224	-4.76088e-15
0.00225	-4.85321e-15
0.00226	-4.94881e-15
0.00227	-5.0477e-15
0.00228	-5.1499e-15
0.00229	-5.25542e-15
0.0023	-5.36429e-15
0.00231	-5.47656e-15
0.00232	-5.59223e-15
0.00233	-5.71136e-15
0.00234	-5.83398e-15
0.00235	-5.96012e-15
0.00236	-6.08983e-15
0.00237	-6.22315e-15
0.00238	-6.36013e-15
0.00239	-6.50082e-15
0.0024	-6.64526e-15
0.00241	-6.79352e-15
0.00242	-6.94564e-15
0.00243	-7.10169e-15
0.00244	-7.26173e-15
0.00245	-7.42582e-15
0.00246	-7.59402e-15
0.00247	-7.7664e-15
0.00248	-7.94305e-15
0.00249	-8.12402e-15
0.0025	-8.30939e-15
0.00251	-8.49925e-15
0.00252	-8.69368e-15
0.00253	-8.89275e-15
0.00254	-9.09657e-15
0.00255	-9.30522e-15
0.00256	-9.51879e-15
0.00257	-9.73739e-15
0.00258	-9.96112e-15
0.00259	-1.01901e-14
0.0026	-1.04244e-14
0.00261	-1.06641e-14
0.00262	-1.09094e-14
0.00263	-1.11604e-14
0.00264	-1.14173e-14
0.00265	-1.168e-14
0.00266	-1.19489e-14
0.00267	-1.2224e-14
0.00268	-1.25054e-14
0.00269	-1.27934e-14
0.0027	-1.3088e-14
0.00271	-1.33895e-14
0.00272	-1.3698e-14
0.00273	-1.40137e-14
0.00274	-1.43367e-14
0.00275	-1.46673e-14
0.00276	-1.50056e-14
0.00277	-1.53519e-14
0.00278	-1.57064e-14
0.00279	-1.60692e-14
0.0028	-1.64406e-14
0.00281	-1.68209e-14
0.00282	-1.72103e-14
0.00283	-1.76091e-14
0.00284	-1.80175e-14
0.00285	-1.84358e-14
0.00286	-1.88643e-14
0.00287	-1.93033e-14
0.00288	-1.97531e-14
0.00289	-2.0214e-14
0.0029	-2.06865e-14
0.00291	-2.11708e-14
0.00292	-2.16674e-14
0.00293	-2.21766e-14
0.00294	-2.26988e-14
0.00295	-2.32345e-14
0.00296	-2.37841e-14
0.00297	-2.43482e-14
0.00298	-2.49271e-14
0.00299	-2.55214e-14
0.003	-2.6129e-14
0.00301	-2.67278e-14
0.00302	-2.73179e-14
0.00303	-2.78996e-14
0.00304	-2.84733e-14
0.00305	-2.90392e-14
0.00306	-2.95977e-14
0.00307	-3.01493e-14
0.00308	-3.06941e-14
0.00309	-3.12327e-14
0.0031	-3.17655e-14
0.00311	-3.22929e-14
0.00312	-3.28152e-14
0.00313	-3.3333e-14
0.00314	-3.38466e-14
0.00315	-3.43566e-14
0.00316	-3.48633e-14
0.00317	-3.53672e-14
0.00318	-3.58687e-14
0.00319	-3.63683e-14
0.0032	-3.68664e-14
0.00321	-3.73635e-14
0.00322	-3.78599e-14
0.00323	-3.83563e-14
0.00324	-3.88529e-14
0.00325	-3.93503e-14
0.00326	-3.98489e-14
0.00327	-4.03491e-14
0.00328	-4.08514e-14
0.00329	-4.13562e-14
0.0033	-4.1864e-14
0.00331	-4.23751e-14
0.00332	-4.28902e-14
0.00333	-4.34095e-14
0.00334	-4.39336e-14
0.00335	-4.4463e-14
0.00336	-4.4998e-14
0.00337	-4.55392e-14
0.00338	-4.6087e-14
0.00339	-4.66419e-14
0.0034	-4.72044e-14
0.00341	-4.7775e-14
0.00342	-4.83542e-14
0.00343	-4.89424e-14
0.00344	-4.95403e-14
0.00345	-5.01484e-14
0.00346	-5.07672e-14
0.00347	-5.13973e-14
0.00348	-5.20392e-14
0.00349	-5.26936e-14
0.0035	-5.3361e-14
0.00351	-5.40422e-14
0.00352	-5.47377e-14
0.00353	-5.54482e-14
0.00354	-5.61745e-14
0.00355	-5.69173e-14
0.00356	-5.76773e-14
0.00357	-5.84553e-14
0.00358	-5.92522e-14
0.00359	-6.00687e-14
0.0036	-6.09058e-14
0.00361	-6.17645e-14
0.00362	-6.26456e-14
0.00363	-6.35502e-14
0.00364	-6.44793e-14
0.00365	-6.54341e-14
0.00366	-6.64158e-14
0.00367	-6.74256e-14
0.00368	-6.84647e-14
0.00369	-6.95345e-14
0.0037	-7.06364e-14
0.00371	-7.1772e-14
0.00372	-7.29429e-14
0.00373	-7.41506e-14
0.00374	-7.5397e-14
0.00375	-7.6684e-14
0.00376	-7.80135e-14
0.00377	-7.93876e-14
0.00378	-8.08084e-14
0.00379	-8.22785e-14
0.0038	-8.38002e-14
0.00381	-8.53762e-14
0.00382	-8.70093e-14
0.00383	-8.87025e-14
0.00384	-9.04589e-14
0.00385	-9.2282e-14
0.00386	-9.41753e-14
0.00387	-9.61428e-14
0.00388	-9.81884e-14
0.00389	-1.00317e-13
0.0039	-1.02532e-13
0.00391	-1.0484e-13
0.00392	-1.07245e-13
0.00393	-1.09754e-13
0.00394	-1.12372e-13
0.00395	-1.15107e-13
0.00396	-1.17965e-13
0.00397	-1.20954e-13
0.00398	-1.24082e-13
0.00399	-1.27359e-13
0.004	-1.30793e-13
0.00401	-1.34395e-13
0.00402	-1.38176e-13
0.00403	-1.42149e-13
0.00404	-1.46327e-13
0.00405	-1.50722e-13
0.00406	-1.55352e-13
0.00407	-1.60233e-13
0.00408	-1.65382e-13
0.00409	-1.7082e-13
0.0041	-1.76567e-13
0.00411	-1.82648e-13
0.00412	-1.89087e-13
0.00413	-1.95913e-13
0.00414	-2.03155e-13
0.00415	-2.10846e-13
0.00416	-2.19023e-13
0.00417	-2.27725e-13
0.00418	-2.36995e-13
0.00419	-2.46879e-13
0.0042	-2.57431e-13
0.00421	-2.68705e-13
0.00422	-2.80763e-13
0.00423	-2.93674e-13
0.00424	-3.0751e-13
0.00425	-3.2235e-13
0.00426	-3.38284e-13
0.00427	-3.55404e-13
0.00428	-3.73815e-13
0.00429	-3.93625e-13
0.0043	-4.14955e-13
0.00431	-4.3793e-13
0.00432	-4.62686e-13
0.00433	-4.89361e-13
0.00434	-5.18101e-13
0.00435	-5.49053e-13
0.00436	-5.82361e-13
0.00437	-6.18161e-13
0.00438	-6.56573e-13
0.00439	-6.97693e-13
0.0044	-7.41574e-13
0.00441	-7.8821e-13
0.00442	-8.37516e-13
0.00443	-8.89298e-13
0.00444	-9.4322e-13
0.00445	-9.98772e-13
0.00446	-1.05523e-12
0.00447	-1.11164e-12
0.00448	-1.16678e-12
0.00449	-1.21918e-12
0.0045	-1.26714e-12
0.00451	-1.30883e-12
0.00452	-1.34239e-12
0.00453	-1.36609e-12
0.00454	-1.37856e-12
0.00455	-1.37897e-12
0.00456	-1.36722e-12
0.00457	-1.34402e-12
0.00458	-1.31091e-12
0.00459	-1.27017e-12
0.0046	-1.22457e-12
0.00461	-1.17709e-12
0.00462	-1.13062e-12
0.00463	-1.08767e-12
0.00464	-1.05021e-12
0.00465	-1.01954e-12
0.00466	-9.96305e-13
0.00467	-9.80615e-13
0.00468	-9.72123e-13
0.00469	-9.70195e-13
0.0047	-9.74033e-13
0.00471	-9.82787e-13
0.00472	-9.95632e-13
0.00473	-1.01182e-12
0.00474	-1.03068e-12
0.00475	-1.05168e-12
0.00476	-1.07436e-12
0.00477	-1.09836e-12
0.00478	-1.12339e-12
0.00479	-1.14922e-12
0.0048	-1.17568e-12
0.00481	-1.20263e-12
0.00482	-1.22996e-12
0.00483	-1.25757e-12
0.00484	-1.2854e-12
0.00485	-1.31337e-12
0.00486	-1.34145e-12
0.00487	-1.36958e-12
0.00488	-1.39772e-12
0.00489	-1.42584e-12
0.0049	-1.45391e-12
0.00491	-1.48189e-12
0.00492	-1.50975e-12
0.00493	-1.53748e-12
0.00494	-1.56504e-12
0.00495	-1.59241e-12
0.00496	-1.61957e-12
0.00497	-1.6465e-12
0.00498	-1.67317e-12
0.00499	-1.69958e-12
0.005	-1.72569e-12
0.00501	-1.7515e-12
0.00502	-1.77698e-12
0.00503	-1.80212e-12
0.00504	-1.82691e-12
0.00505	-1.85132e-12
0.00506	-1.87536e-12
0.00507	-1.899e-12
0.00508	-1.92223e-12
0.00509	-1.94505e-12
0.0051	-1.96743e-12
0.00511	-1.98938e-12
0.00512	-2.01088e-12
0.00513	-2.03192e-12
0.00514	-2.0525e-12
0.00515	-2.07261e-12
0.00516	-2.09224e-12
0.00517	-2.11139e-12
0.00518	-2.13004e-12
0.00519	-2.1482e-12
0.0052	-2.16587e-12
0.00521	-2.18303e-12
0.00522	-2.19968e-12
0.00523	-2.21583e-12
0.00524	-2.23146e-12
0.00525	-2.24658e-12
0.00526	-2.26119e-12
0.00527	-2.27528e-12
0.00528	-2.28886e-12
0.00529	-2.30192e-12
0.0053	-2.31447e-12
0.00531	-2.32649e-12
0.00532	-2.33801e-12
0.00533	-2.34901e-12
0.00534	-2.3595e-12
0.00535	-2.36948e-12
0.00536	-2.37896e-12
0.00537	-2.38793e-12
0.00538	-2.3964e-12
0.00539	-2.40436e-12
0.0054	-2.41184e-12
0.00541	-2.41881e-12
0.00542	-2.4253e-12
0.00543	-2.43131e-12
0.00544	-2.43683e-12
0.00545	-2.44188e-12
0.00546	-2.44645e-12
0.00547	-2.45056e-12
0.00548	-2.4542e-12
0.00549	-2.45738e-12
0.0055	-2.46011e-12
0.00551	-2.46239e-12
0.00552	-2.46423e-12
0.00553	-2.46562e-12
0.00554	-2.46659e-12
0.00555	-2.46712e-12
0.00556	-2.46723e-12
0.00557	-2.46692e-12
0.00558	-2.4662e-12
0.00559	-2.46507e-12
0.0056	-2.46354e-12
0.00561	-2.46162e-12
0.00562	-2.4593e-12
0.00563	-2.4566e-12
0.00564	-2.45352e-12
0.00565	-2.45006e-12
0.00566	-2.44624e-12
0.00567	-2.44205e-12
0.00568	-2.43751e-12
0.00569	-2.43262e-12
0.0057	-2.42738e-12
0.00571	-2.4218e-12
0.00572	-2.41588e-12
0.00573	-2.40963e-12
0.00574	-2.40306e-12
0.00575	-2.39617e-12
0.00576	-2.38897e-12
0.00577	-2.38146e-12
0.00578	-2.37364e-12
0.00579	-2.36553e-12
0.0058	-2.35712e-12
0.00581	-2.34843e-12
0.00582	-2.33945e-12
0.00583	-2.33019e-12
0.00584	-2.32067e-12
0.00585	-2.31087e-12
0.00586	-2.30081e-12
0.00587	-2.29049e-12
0.00588	-2.27991e-12
0.00589	-2.26909e-12
0.0059	-2.25802e-12
0.00591	-2.24671e-12
0.00592	-2.23516e-12
0.00593	-2.22337e-12
0.00594	-2.21136e-12
0.00595	-2.19912e-12
0.00596	-2.18666e-12
0.00597	-2.17399e-12
0.00598	-2.16109e-12
0.00599	-2.14799e-12
0.006	-2.13467e-12
0.00601	-2.12115e-12
0.00602	-2.10743e-12
0.00603	-2.09351e-12
0.00604	-2.07939e-12
0.00605	-2.06508e-12
0.00606	-2.05057e-12
0.00607	-2.03587e-12
0.00608	-2.02099e-12
0.00609	-2.00591e-12
0.0061	-1.99065e-12
0.00611	-1.97521e-12
0.00612	-1.95958e-12
0.00613	-1.94377e-12
0.00614	-1.92778e-12
0.00615	-1.91161e-12
0.00616	-1.89526e-12
0.00617	-1.87872e-12
0.00618	-1.86201e-12
0.00619	-1.84511e-12
0.0062	-1.82803e-12
0.00621	-1.81076e-12
0.00622	-1.79331e-12
0.00623	-1.77567e-12
0.00624	-1.75785e-12
0.00625	-1.73983e-12
0.00626	-1.72162e-12
0.00627	-1.70321e-12
0.00628	-1.6846e-12
0.00629	-1.66579e-12
0.0063	-1.64677e-12
0.00631	-1.62754e-12
0.00632	-1.6081e-12
0.00633	-1.58844e-12
0.00634	-1.56856e-12
0.00635	-1.54844e-12
0.00636	-1.52809e-12
0.00637	-1.5075e-12
0.00638	-1.48667e-12
0.00639	-1.46558e-12
0.0064	-1.44424e-12
0.00641	-1.42263e-12
0.00642	-1.40075e-12
0.00643	-1.37859e-12
0.00644	-1.35615e-12
0.00645	-1.33342e-12
0.00646	-1.31039e-12
0.00647	-1.28705e-12
0.00648	-1.26341e-12
0.00649	-1.23944e-12
0.0065	-1.21515e-12
0.00651	-1.19054e-12
0.00652	-1.16558e-12
0.00653	-1.14029e-12
0.00654	-1.11466e-12
0.00655	-1.08869e-12
0.00656	-1.06236e-12
0.00657	-1.0357e-12
0.00658	-1.00869e-12
0.00659	-9.81333e-13
0.0066	-9.53646e-13
0.00661	-9.25631e-13
0.00662	-8.97299e-13
0.00663	-8.68664e-13
0.00664	-8.39742e-13
0.00665	-8.10553e-13
0.00666	-7.81122e-13
0.00667	-7.51477e-13
0.00668	-7.21651e-13
0.00669	-6.91681e-13
0.0067	-6.61612e-13
0.00671	-6.31491e-13
0.00672	-6.01372e-13
0.00673	-5.71315e-13
0.00674	-5.41385e-13
0.00675	-5.11651e-13
0.00676	-4.82189e-13
0.00677	-4.53079e-13
0.00678	-4.24404e-13
0.00679	-3.96251e-13
0.0068	-3.68707e-13
0.00681	-3.41862e-13
0.00682	-3.15804e-13
0.00683	-2.90618e-13
0.00684	-2.66385e-13
0.00685	-2.43181e-13
0.00686	-2.21073e-13
0.00687	-2.0012e-13
0.00688	-1.80369e-13
0.00689	-1.61855e-13
0.0069	-1.44601e-13
0.00691	-1.28615e-13
0.00692	-1.13893e-13
0.00693	-1.00415e-13
0.00694	-8.81522e-14
0.00695	-7.70611e-14
0.00696	-6.70898e-14
0.00697	-5.81782e-14
0.00698	-5.02592e-14
0.00699	-4.32618e-14
0.007	-3.71121e-14
0.00701	-3.17355e-14
0.00702	-2.70579e-14
0.00703	-2.30076e-14
0.00704	-1.95159e-14
0.00705	-1.65181e-14
0.00706	-1.39541e-14
0.00707	-1.17689e-14
0.00708	-9.91241e-15
0.00709	-8.33973e-15
0.0071	-7.01088e-15
0.00711	-5.8906e-15
0.00712	-4.94801e-15
0.00713	-4.15623e-15
0.00714	-3.49206e-15
0.00715	-2.93553e-15
0.00716	-2.4696e-15
0.00717	-2.07973e-15
0.00718	-1.75362e-15
0.00719	-1.48086e-15
0.0072	-1.25269e-15
0.00721	-1.06174e-15
0.00722	-9.01863e-16
0.00723	-7.67887e-16
0.00724	-6.55509e-16
0.00725	-5.6114e-16
0.00726	-4.81788e-16
0.00727	-4.14965e-16
0.00728	-3.58601e-16
0.00729	-3.10975e-16
0.0073	-2.70656e-16
0.00731	-2.36454e-16
0.00732	-2.07379e-16
0.00733	-1.82608e-16
0.00734	-1.61456e-16
0.00735	-1.43351e-16
0.00736	-1.27817e-16
0.00737	-1.14456e-16
0.00738	-1.02935e-16
0.00739	-9.29769e-17
0.0074	-8.43474e-17
0.00741	-7.68508e-17
0.00742	-7.03222e-17
0.00743	-6.46229e-17
0.00744	-5.96356e-17
0.00745	-5.52614e-17
0.00746	-5.14161e-17
0.00747	-4.80285e-17
0.00748	-4.5038e-17
0.00749	-4.23928e-17
0.0075	-4.00487e-17
0.00751	-3.79678e-17
0.00752	-3.61176e-17
0.00753	-3.44702e-17
0.00754	-3.30014e-17
0.00755	-3.16903e-17
0.00756	-3.05189e-17
0.00757	-2.94714e-17
0.00758	-2.85342e-17
0.00759	-2.76953e-17
0.0076	-2.69443e-17
0.00761	-2.62721e-17
0.00762	-2.56705e-17
0.00763	-2.51324e-17
0.00764	-2.46517e-17
0.00765	-2.42227e-17
0.00766	-2.38405e-17
0.00767	-2.35008e-17
0.00768	-2.31996e-17
0.00769	-2.29335e-17
0.0077	-2.26993e-17
0.00771	-2.24943e-17
0.00772	-2.23159e-17
0.00773	-2.21618e-17
0.00774	-2.20301e-17
0.00775	-2.19189e-17
0.00776	-2.18265e-17
0.00777	-2.17513e-17
0.00778	-2.16922e-17
0.00779	-2.16477e-17
0.0078	-2.16167e-17
0.00781	-2.15983e-17
0.00782	-2.15914e-17
0.00783	-2.15952e-17
0.00784	-2.16089e-17
0.00785	-2.16318e-17
0.00786	-2.16632e-17
0.00787	-2.17025e-17
0.00788	-2.17492e-17
0.00789	-2.18026e-17
0.0079	-2.18625e-17
0.00791	-2.19282e-17
0.00792	-2.19994e-17
0.00793	-2.20758e-17
0.00794	-2.2157e-17
0.00795	-2.22426e-17
0.00796	-2.23324e-17
0.00797	-2.24261e-17
0.00798	-2.25235e-17
0.00799	-2.26243e-17
0.008	-2.27283e-17
0.00801	-2.28353e-17
0.00802	-2.29451e-17
0.00803	-2.30576e-17
0.00804	-2.31726e-17
0.00805	-2.32899e-17
0.00806	-2.34095e-17
0.00807	-2.35311e-17
0.00808	-2.36547e-17
0.00809	-2.37802e-17
0.0081	-2.39075e-17
0.00811	-2.40364e-17
0.00812	-2.41668e-17
0.00813	-2.42988e-17
0.00814	-2.44323e-17
0.00815	-2.4567e-17
0.00816	-2.47031e-17
0.00817	-2.48404e-17
0.00818	-2.49789e-17
0.00819	-2.51186e-17
0.0082	-2.52593e-17
0.00821	-2.54011e-17
0.00822	-2.55438e-17
0.00823	-2.56876e-17
0.00824	-2.58323e-17
0.00825	-2.59778e-17
0.00826	-2.61243e-17
0.00827	-2.62716e-17
0.00828	-2.64197e-17
0.00829	-2.65686e-17
0.0083	-2.67183e-17
0.00831	-2.68687e-17
0.00832	-2.70199e-17
0.00833	-2.71718e-17
0.00834	-2.73244e-17
0.00835	-2.74777e-17
0.00836	-2.76317e-17
0.00837	-2.77864e-17
0.00838	-2.79417e-17
0.00839	-2.80977e-17
0.0084	-2.82543e-17
0.00841	-2.84115e-17
0.00842	-2.85694e-17
0.00843	-2.87279e-17
0.00844	-2.88871e-17
0.00845	-2.90468e-17
0.00846	-2.92071e-17
0.00847	-2.93681e-17
0.00848	-2.95297e-17
0.00849	-2.96918e-17
0.0085	-2.98546e-17
0.00851	-3.00179e-17
0.00852	-3.01819e-17
0.00853	-3.03464e-17
0.00854	-3.05116e-17
0.00855	-3.06773e-17
0.00856	-3.08437e-17
0.00857	-3.10106e-17
0.00858	-3.11781e-17
0.00859	-3.13462e-17
0.0086	-3.1515e-17
0.00861	-3.16843e-17
0.00862	-3.18542e-17
0.00863	-3.20247e-17
0.00864	-3.21958e-17
0.00865	-3.23676e-17
0.00866	-3.25399e-17
0.00867	-3.27129e-17
0.00868	-3.28864e-17
0.00869	-3.30606e-17
0.0087	-3.32354e-17
0.00871	-3.34109e-17
0.00872	-3.35869e-17
0.00873	-3.37636e-17
0.00874	-3.39409e-17
0.00875	-3.41188e-17
0.00876	-3.42974e-17
0.00877	-3.44767e-17
0.00878	-3.46565e-17
0.00879	-3.48371e-17
0.0088	-3.50182e-17
0.00881	-3.52001e-17
0.00882	-3.53826e-17
0.00883	-3.55657e-17
0.00884	-3.57496e-17
0.00885	-3.59341e-17
0.00886	-3.61193e-17
0.00887	-3.63051e-17
0.00888	-3.64917e-17
0.00889	-3.66789e-17
0.0089	-3.68669e-17
0.00891	-3.70555e-17
0.00892	-3.72448e-17
0.00893	-3.74349e-17
0.00894	-3.76256e-17
0.00895	-3.78171e-17
0.00896	-3.80093e-17
0.00897	-3.82023e-17
0.00898	-3.83959e-17
0.00899	-3.85903e-17
0.009	-3.87854e-17
0.00901	-3.89813e-17
0.00902	-3.9178e-17
0.00903	-3.93754e-17
0.00904	-3.95735e-17
0.00905	-3.97724e-17
0.00906	-3.99721e-17
0.00907	-4.01726e-17
0.00908	-4.03738e-17
0.00909	-4.05758e-17
0.0091	-4.07787e-17
0.00911	-4.09823e-17
0.00912	-4.11867e-17
0.00913	-4.13919e-17
0.00914	-4.1598e-17
0.00915	-4.18048e-17
0.00916	-4.20125e-17
0.00917	-4.2221e-17
0.00918	-4.24303e-17
0.00919	-4.26405e-17
0.0092	-4.28515e-17
0.00921	-4.30634e-17
0.00922	-4.32761e-17
0.00923	-4.34897e-17
0.00924	-4.37042e-17
0.00925	-4.39195e-17
0.00926	-4.41357e-17
0.00927	-4.43528e-17
0.00928	-4.45708e-17
0.00929	-4.47896e-17
0.0093	-4.50094e-17
0.00931	-4.52301e-17
0.00932	-4.54517e-17
0.00933	-4.56742e-17
0.00934	-4.58976e-17
0.00935	-4.6122e-17
0.00936	-4.63473e-17
0.00937	-4.65735e-17
0.00938	-4.68007e-17
0.00939	-4.70288e-17
0.0094	-4.72579e-17
0.00941	-4.7488e-17
0.00942	-4.7719e-17
0.00943	-4.7951e-17
0.00944	-4.8184e-17
0.00945	-4.8418e-17
0.00946	-4.8653e-17
0.00947	-4.8889e-17
0.00948	-4.9126e-17
0.00949	-4.9364e-17
0.0095	-4.96031e-17
0.00951	-4.98431e-17
0.00952	-5.00842e-17
0.00953	-5.03264e-17
0.00954	-5.05696e-17
0.00955	-5.08138e-17
0.00956	-5.10591e-17
0.00957	-5.13055e-17
0.00958	-5.15529e-17
0.00959	-5.18015e-17
0.0096	-5.20511e-17
0.00961	-5.23018e-17
0.00962	-5.25536e-17
0.00963	-5.28065e-17
0.00964	-5.30606e-17
0.00965	-5.33157e-17
0.00966	-5.3572e-17
0.00967	-5.38295e-17
0.00968	-5.4088e-17
0.00969	-5.43477e-17
0.0097	-5.46086e-17
0.00971	-5.48706e-17
0.00972	-5.51338e-17
0.00973	-5.53982e-17
0.00974	-5.56638e-17
0.00975	-5.59306e-17
0.00976	-5.61985e-17
0.00977	-5.64677e-17
0.00978	-5.67381e-17
0.00979	-5.70097e-17
0.0098	-5.72825e-17
0.00981	-5.75566e-17
0.00982	-5.78319e-17
0.00983	-5.81085e-17
0.00984	-5.83863e-17
0.00985	-5.86654e-17
0.00986	-5.89457e-17
0.00987	-5.92274e-17
0.00988	-5.95103e-17
0.00989	-5.97945e-17
0.0099	-6.00801e-17
0.00991	-6.03669e-17
0.00992	-6.06551e-17
0.00993	-6.09446e-17
0.00994	-6.12354e-17
0.00995	-6.15276e-17
0.00996	-6.18211e-17
0.00997	-6.2116e-17
0.00998	-6.24123e-17
0.00999	-6.27099e-17
0.01	-6.30089e-17
