0	-1.79676e-06
1e-05	-3.58166e-06
2e-05	-5.35504e-06
3e-05	-7.11726e-06
4e-05	-8.86865e-06
5e-05	-1.06095e-05
6e-05	-1.23402e-05
7e-05	-1.40609e-05
8e-05	-1.57719e-05
9e-05	-1.74735e-05
0.0001	-1.91659e-05
0.00011	-2.08494e-05
0.00012	-2.25242e-05
0.00013	-2.41905e-05
0.00014	-2.58484e-05
0.00015	-2.74983e-05
0.00016	-2.91402e-05
0.00017	-3.07743e-05
0.00018	-3.24008e-05
0.00019	-3.40198e-05
0.0002	-3.56315e-05
0.00021	-3.72361e-05
0.00022	-3.88336e-05
0.00023	-4.04242e-05
0.00024	-4.2008e-05
0.00025	-4.35851e-05
0.00026	-4.51557e-05
0.00027	-4.67197e-05
0.00028	-4.82774e-05
0.00029	-4.98288e-05
0.0003	-5.1374e-05
0.00031	-5.2913e-05
0.00032	-5.44461e-05
0.00033	-5.59731e-05
0.00034	-5.74942e-05
0.00035	-5.90095e-05
0.00036	-6.0519e-05
0.00037	-6.20228e-05
0.00038	-6.3521e-05
0.00039	-6.50135e-05
0.0004	-6.65005e-05
0.00041	-6.79819e-05
0.00042	-6.94579e-05
0.00043	-7.09285e-05
0.00044	-7.23936e-05
0.00045	-7.38535e-05
0.00046	-7.5308e-05
0.00047	-7.67572e-05
0.00048	-7.82011e-05
0.00049	-7.96399e-05
0.0005	-8.10734e-05
0.00051	-8.25018e-05
0.00052	-8.3925e-05
0.00053	-8.53431e-05
0.00054	-8.6756e-05
0.00055	-8.8164e-05
0.00056	-8.95668e-05
0.00057	-9.09646e-05
0.00058	-9.23573e-05
0.00059	-9.37451e-05
0.0006	-9.51278e-05
0.00061	-9.65056e-05
0.00062	-9.78783e-05
0.00063	-9.92461e-05
0.00064	-0.000100609
0.00065	-0.000101967
0.00066	-0.00010332
0.00067	-0.000104668
0.00068	-0.000106011
0.00069	-0.000107349
0.0007	-0.000108682
0.00071	-0.000110011
0.00072	-0.000111334
0.00073	-0.000112653
0.00074	-0.000113967
0.00075	-0.000115276
0.00076	-0.00011658
0.00077	-0.000117879
0.00078	-0.000119173
0.00079	-0.000120462
0.0008	-0.000121747
0.00081	-0.000123026
0.00082	-0.000124301
0.00083	-0.000125571
0.00084	-0.000126836
0.00085	-0.000128096
0.00086	-0.000129351
0.00087	-0.000130602
0.00088	-0.000131848
0.00089	-0.000133088
0.0009	-0.000134324
0.00091	-0.000135555
0.00092	-0.000136781
0.00093	-0.000138003
0.00094	-0.000139219
0.00095	-0.000140431
0.00096	-0.000141638
0.00097	-0.00014284
0.00098	-0.000144037
0.00099	-0.000145229
0.001	-0.000146416
0.00101	-0.000147599
0.00102	-0.000148776
0.00103	-0.000149949
0.00104	-0.000151117
0.00105	-0.00015228
0.00106	-0.000153438
0.00107	-0.000154591
0.00108	-0.00015574
0.00109	-0.000156883
0.0011	-0.000158022
0.00111	-0.000159156
0.00112	-0.000160285
0.00113	-0.000161409
0.00114	-0.000162528
0.00115	-0.000163643
0.00116	-0.000164752
0.00117	-0.000165857
0.00118	-0.000166957
0.00119	-0.000168052
0.0012	-0.000169142
0.00121	-0.000170227
0.00122	-0.000171307
0.00123	-0.000172383
0.00124	-0.000173454
0.00125	-0.000174519
0.00126	-0.00017558
0.00127	-0.000176636
0.00128	-0.000177687
0.00129	-0.000178734
0.0013	-0.000179775
0.00131	-0.000180811
0.00132	-0.000181843
0.00133	-0.00018287
0.00134	-0.000183892
0.00135	-0.000184909
0.00136	-0.000185921
0.00137	-0.000186929
0.00138	-0.000187931
0.00139	-0.000188929
0.0014	-0.000189922
0.00141	-0.000190909
0.00142	-0.000191893
0.00143	-0.000192871
0.00144	-0.000193844
0.00145	-0.000194813
0.00146	-0.000195776
0.00147	-0.000196735
0.00148	-0.000197689
0.00149	-0.000198638
0.0015	-0.000199583
0.00151	-0.000200522
0.00152	-0.000201457
0.00153	-0.000202387
0.00154	-0.000203312
0.00155	-0.000204232
0.00156	-0.000205147
0.00157	-0.000206058
0.00158	-0.000206964
0.00159	-0.000207864
0.0016	-0.000208761
0.00161	-0.000209652
0.00162	-0.000210538
0.00163	-0.00021142
0.00164	-0.000212297
0.00165	-0.000213169
0.00166	-0.000214036
0.00167	-0.000214899
0.00168	-0.000215756
0.00169	-0.000216609
0.0017	-0.000217457
0.00171	-0.000218301
0.00172	-0.000219139
0.00173	-0.000219973
0.00174	-0.000220802
0.00175	-0.000221627
0.00176	-0.000222446
0.00177	-0.000223261
0.00178	-0.000224071
0.00179	-0.000224877
0.0018	-0.000225677
0.00181	-0.000226473
0.00182	-0.000227264
0.00183	-0.000228051
0.00184	-0.000228832
0.00185	-0.000229609
0.00186	-0.000230382
0.00187	-0.000231149
0.00188	-0.000231912
0.00189	-0.000232671
0.0019	-0.000233424
0.00191	-0.000234173
0.00192	-0.000234917
0.00193	-0.000235657
0.00194	-0.000236392
0.00195	-0.000237122
0.00196	-0.000237847
0.00197	-0.000238568
0.00198	-0.000239285
0.00199	-0.000239996
0.002	-0.00014521
0.00201	-5.10478e-05
0.00202	4.25094e-05
0.00203	0.000135479
0.00204	0.000227877
0.00205	0.000319721
0.00206	0.000411024
0.00207	0.000501803
0.00208	0.000592071
0.00209	0.000681842
0.0021	0.00077113
0.00211	0.000859947
0.00212	0.000948307
0.00213	0.00103622
0.00214	0.0011237
0.00215	0.00121076
0.00216	0.00129741
0.00217	0.00138366
0.00218	0.00146953
0.00219	0.00155502
0.0022	0.00164014
0.00221	0.00172491
0.00222	0.00180934
0.00223	0.00189343
0.00224	0.0019772
0.00225	0.00206066
0.00226	0.00214382
0.00227	0.00222668
0.00228	0.00230927
0.00229	0.00239159
0.0023	0.00247364
0.00231	0.00255545
0.00232	0.00263701
0.00233	0.00271835
0.00234	0.00279947
0.00235	0.00288037
0.00236	0.00296108
0.00237	0.00304161
0.00238	0.00312195
0.00239	0.00320213
0.0024	0.00328215
0.00241	0.00336202
0.00242	0.00344176
0.00243	0.00352138
0.00244	0.00360088
0.00245	0.00368028
0.00246	0.00375959
0.00247	0.00383881
0.00248	0.00391797
0.00249	0.00399707
0.0025	0.00407612
0.00251	0.00415514
0.00252	0.00423413
0.00253	0.00431311
0.00254	0.0043921
0.00255	0.0044711
0.00256	0.00455012
0.00257	0.00462918
0.00258	0.00470829
0.00259	0.00478746
0.0026	0.00486672
0.00261	0.00494606
0.00262	0.0050255
0.00263	0.00510507
0.00264	0.00518476
0.00265	0.00526461
0.00266	0.00534461
0.00267	0.00542479
0.00268	0.00550516
0.00269	0.00558573
0.0027	0.00566653
0.00271	0.00574757
0.00272	0.00582886
0.00273	0.00591043
0.00274	0.00599228
0.00275	0.00607444
0.00276	0.00615693
0.00277	0.00623976
0.00278	0.00632295
0.00279	0.00640653
0.0028	0.0064905
0.00281	0.0065749
0.00282	0.00665974
0.00283	0.00674505
0.00284	0.00683084
0.00285	0.00691715
0.00286	0.00700398
0.00287	0.00709138
0.00288	0.00717936
0.00289	0.00726794
0.0029	0.00735716
0.00291	0.00744704
0.00292	0.00753761
0.00293	0.0076289
0.00294	0.00772094
0.00295	0.00781375
0.00296	0.00790738
0.00297	0.00800185
0.00298	0.0080972
0.00299	0.00819346
0.003	0.00819518
0.00301	0.00819857
0.00302	0.00820359
0.00303	0.0082102
0.00304	0.00821836
0.00305	0.00822804
0.00306	0.0082392
0.00307	0.00825181
0.00308	0.00826582
0.00309	0.00828122
0.0031	0.00829796
0.00311	0.00831602
0.00312	0.00833536
0.00313	0.00835598
0.00314	0.00837782
0.00315	0.00840089
0.00316	0.00842514
0.00317	0.00845057
0.00318	0.00847714
0.00319	0.00850486
0.0032	0.00853368
0.00321	0.00856361
0.00322	0.00859463
0.00323	0.00862673
0.00324	0.00865989
0.00325	0.00869411
0.00326	0.00872938
0.00327	0.00876569
0.00328	0.00880304
0.00329	0.00884142
0.0033	0.00888083
0.00331	0.00892128
0.00332	0.00896275
0.00333	0.00900525
0.00334	0.00904879
0.00335	0.00909336
0.00336	0.00913898
0.00337	0.00918565
0.00338	0.00923338
0.00339	0.00928218
0.0034	0.00933205
0.00341	0.00938302
0.00342	0.00943509
0.00343	0.00948828
0.00344	0.0095426
0.00345	0.00959808
0.00346	0.00965473
0.00347	0.00971257
0.00348	0.00977163
0.00349	0.00983192
0.0035	0.00989348
0.00351	0.00995633
0.00352	0.0100205
0.00353	0.010086
0.00354	0.0101529
0.00355	0.0102212
0.00356	0.010291
0.00357	0.0103622
0.00358	0.010435
0.00359	0.0105093
0.0036	0.0105853
0.00361	0.0106629
0.00362	0.0107422
0.00363	0.0108233
0.00364	0.0109061
0.00365	0.0109909
0.00366	0.0110775
0.00367	0.0111662
0.00368	0.0112569
0.00369	0.0113497
0.0037	0.0114447
0.00371	0.011542
0.00372	0.0116416
0.00373	0.0117437
0.00374	0.0118482
0.00375	0.0119554
0.00376	0.0120653
0.00377	0.0121779
0.00378	0.0122935
0.00379	0.0124121
0.0038	0.0125339
0.00381	0.0126589
0.00382	0.0127873
0.00383	0.0129193
0.00384	0.0130549
0.00385	0.0131944
0.00386	0.0133378
0.00387	0.0134855
0.00388	0.0136374
0.00389	0.013794
0.0039	0.0139553
0.00391	0.0141215
0.00392	0.014293
0.00393	0.0144699
0.00394	0.0146525
0.00395	0.0148411
0.00396	0.0150359
0.00397	0.0152373
0.00398	0.0154457
0.00399	0.0156612
0.004	0.0158845
0.00401	0.0161157
0.00402	0.0163554
0.00403	0.0166041
0.00404	0.0168621
0.00405	0.0171301
0.00406	0.0174085
0.00407	0.0176981
0.00408	0.0179994
0.00409	0.0183132
0.0041	0.0186401
0.00411	0.018981
0.00412	0.0193368
0.00413	0.0197084
0.00414	0.0200967
0.00415	0.020503
0.00416	0.0209282
0.00417	0.0213738
0.00418	0.0218412
0.00419	0.0223317
0.0042	0.022847
0.00421	0.0233888
0.00422	0.0239592
0.00423	0.02456
0.00424	0.0251937
0.00425	0.0258625
0.00426	0.0265692
0.00427	0.0273167
0.00428	0.028108
0.00429	0.0289466
0.0043	0.0298361
0.00431	0.0307806
0.00432	0.0317842
0.00433	0.0328518
0.00434	0.0339881
0.00435	0.0351987
0.00436	0.0364891
0.00437	0.0378654
0.00438	0.0393338
0.00439	0.0409008
0.0044	0.0425729
0.00441	0.0443569
0.00442	0.0462588
0.00443	0.0482846
0.00444	0.0504391
0.00445	0.0527259
0.00446	0.0551465
0.00447	0.0577001
0.00448	0.0603821
0.00449	0.0631842
0.0045	0.0660927
0.00451	0.0690887
0.00452	0.072147
0.00453	0.0752366
0.00454	0.0783209
0.00455	0.0813592
0.00456	0.0843086
0.00457	0.0871261
0.00458	0.0897717
0.00459	0.0922109
0.0046	0.0944172
0.00461	0.0963735
0.00462	0.0980732
0.00463	0.099519
0.00464	0.100723
0.00465	0.101702
0.00466	0.102479
0.00467	0.103078
0.00468	0.103525
0.00469	0.103843
0.0047	0.104053
0.00471	0.104174
0.00472	0.104222
0.00473	0.10421
0.00474	0.104149
0.00475	0.104047
0.00476	0.103912
0.00477	0.103747
0.00478	0.103558
0.00479	0.103347
0.0048	0.103118
0.00481	0.102871
0.00482	0.102609
0.00483	0.102332
0.00484	0.102042
0.00485	0.10174
0.00486	0.101427
0.00487	0.101102
0.00488	0.100767
0.00489	0.100422
0.0049	0.100067
0.00491	0.0997038
0.00492	0.0993317
0.00493	0.0989512
0.00494	0.0985628
0.00495	0.0981668
0.00496	0.0977635
0.00497	0.0973532
0.00498	0.0969361
0.00499	0.0965126
0.005	0.0960829
0.00501	0.0956474
0.00502	0.0952061
0.00503	0.0947594
0.00504	0.0943075
0.00505	0.0938507
0.00506	0.0933892
0.00507	0.0929231
0.00508	0.0924528
0.00509	0.0919784
0.0051	0.0915001
0.00511	0.0910181
0.00512	0.0905327
0.00513	0.090044
0.00514	0.0895521
0.00515	0.0890574
0.00516	0.0885599
0.00517	0.0880598
0.00518	0.0875573
0.00519	0.0870525
0.0052	0.0865456
0.00521	0.0860368
0.00522	0.0855263
0.00523	0.085014
0.00524	0.0845003
0.00525	0.0839851
0.00526	0.0834688
0.00527	0.0829513
0.00528	0.0824328
0.00529	0.0819134
0.0053	0.0813933
0.00531	0.0808725
0.00532	0.0803512
0.00533	0.0798295
0.00534	0.0793074
0.00535	0.078785
0.00536	0.0782625
0.00537	0.07774
0.00538	0.0772174
0.00539	0.076695
0.0054	0.0761727
0.00541	0.0756508
0.00542	0.0751291
0.00543	0.0746078
0.00544	0.074087
0.00545	0.0735667
0.00546	0.073047
0.00547	0.072528
0.00548	0.0720096
0.00549	0.071492
0.0055	0.0709752
0.00551	0.0704592
0.00552	0.0699442
0.00553	0.06943
0.00554	0.0689168
0.00555	0.0684047
0.00556	0.0678935
0.00557	0.0673835
0.00558	0.0668745
0.00559	0.0663667
0.0056	0.06586
0.00561	0.0653545
0.00562	0.0648502
0.00563	0.0643472
0.00564	0.0638454
0.00565	0.0633448
0.00566	0.0628455
0.00567	0.0623475
0.00568	0.0618508
0.00569	0.0613554
0.0057	0.0608613
0.00571	0.0603686
0.00572	0.0598772
0.00573	0.0593871
0.00574	0.0588984
0.00575	0.058411
0.00576	0.0579249
0.00577	0.0574402
0.00578	0.0569569
0.00579	0.0564749
0.0058	0.0559942
0.00581	0.0555148
0.00582	0.0550368
0.00583	0.05456
0.00584	0.0540846
0.00585	0.0536105
0.00586	0.0531376
0.00587	0.0526661
0.00588	0.0521958
0.00589	0.0517267
0.0059	0.0512588
0.00591	0.0507922
0.00592	0.0503267
0.00593	0.0498624
0.00594	0.0493993
0.00595	0.0489373
0.00596	0.0484764
0.00597	0.0480165
0.00598	0.0475577
0.00599	0.0470999
0.006	0.0466431
0.00601	0.0461873
0.00602	0.0457324
0.00603	0.0452783
0.00604	0.0448251
0.00605	0.0443727
0.00606	0.0439211
0.00607	0.0434701
0.00608	0.0430198
0.00609	0.0425702
0.0061	0.0421211
0.00611	0.0416725
0.00612	0.0412243
0.00613	0.0407765
0.00614	0.0403291
0.00615	0.0398819
0.00616	0.0394348
0.00617	0.0389879
0.00618	0.038541
0.00619	0.038094
0.0062	0.0376469
0.00621	0.0371995
0.00622	0.0367518
0.00623	0.0363036
0.00624	0.0358549
0.00625	0.0354055
0.00626	0.0349554
0.00627	0.0345043
0.00628	0.0340523
0.00629	0.033599
0.0063	0.0331445
0.00631	0.0326885
0.00632	0.0322309
0.00633	0.0317716
0.00634	0.0313104
0.00635	0.0308471
0.00636	0.0303815
0.00637	0.0299135
0.00638	0.0294429
0.00639	0.0289694
0.0064	0.0284929
0.00641	0.0280132
0.00642	0.02753
0.00643	0.0270432
0.00644	0.0265524
0.00645	0.0260576
0.00646	0.0255583
0.00647	0.0250545
0.00648	0.0245458
0.00649	0.024032
0.0065	0.0235128
0.00651	0.0229881
0.00652	0.0224574
0.00653	0.0219207
0.00654	0.0213776
0.00655	0.0208278
0.00656	0.0202713
0.00657	0.0197076
0.00658	0.0191366
0.00659	0.0185581
0.0066	0.0179719
0.00661	0.0173778
0.00662	0.0167757
0.00663	0.0161655
0.00664	0.0155471
0.00665	0.0149205
0.00666	0.0142857
0.00667	0.0136427
0.00668	0.0129916
0.00669	0.0123327
0.0067	0.0116663
0.00671	0.0109926
0.00672	0.0103121
0.00673	0.00962535
0.00674	0.00893295
0.00675	0.00823563
0.00676	0.00753425
0.00677	0.00682977
0.00678	0.00612327
0.00679	0.00541595
0.0068	0.00470912
0.00681	0.0040042
0.00682	0.00330271
0.00683	0.00260627
0.00684	0.00191654
0.00685	0.00123529
0.00686	0.000564267
0.00687	-9.47339e-05
0.00688	-0.000739952
0.00689	-0.00136967
0.0069	-0.00198224
0.00691	-0.00257612
0.00692	-0.00314991
0.00693	-0.00370235
0.00694	-0.00423236
0.00695	-0.00473907
0.00696	-0.00522179
0.00697	-0.00568005
0.00698	-0.00611361
0.00699	-0.00652242
0.007	-0.00690663
0.00701	-0.00726659
0.00702	-0.00760278
0.00703	-0.00791588
0.00704	-0.00820665
0.00705	-0.00847597
0.00706	-0.00872481
0.00707	-0.0089542
0.00708	-0.00916518
0.00709	-0.00935884
0.0071	-0.00953626
0.00711	-0.00969852
0.00712	-0.00984668
0.00713	-0.00998175
0.00714	-0.0101047
0.00715	-0.0102165
0.00716	-0.0103181
0.00717	-0.0104102
0.00718	-0.0104937
0.00719	-0.0105692
0.0072	-0.0106376
0.00721	-0.0106993
0.00722	-0.0107551
0.00723	-0.0108054
0.00724	-0.0108507
0.00725	-0.0108915
0.00726	-0.0109283
0.00727	-0.0109612
0.00728	-0.0109909
0.00729	-0.0110174
0.0073	-0.0110412
0.00731	-0.0110625
0.00732	-0.0110814
0.00733	-0.0110983
0.00734	-0.0111134
0.00735	-0.0111267
0.00736	-0.0111385
0.00737	-0.0111489
0.00738	-0.011158
0.00739	-0.011166
0.0074	-0.0111729
0.00741	-0.0111789
0.00742	-0.011184
0.00743	-0.0111884
0.00744	-0.011192
0.00745	-0.011195
0.00746	-0.0111974
0.00747	-0.0111992
0.00748	-0.0112006
0.00749	-0.0112015
0.0075	-0.011202
0.00751	-0.0112022
0.00752	-0.011202
0.00753	-0.0112015
0.00754	-0.0112007
0.00755	-0.0111997
0.00756	-0.0111984
0.00757	-0.0111969
0.00758	-0.0111952
0.00759	-0.0111933
0.0076	-0.0111912
0.00761	-0.011189
0.00762	-0.0111867
0.00763	-0.0111842
0.00764	-0.0111816
0.00765	-0.0111789
0.00766	-0.0111761
0.00767	-0.0111731
0.00768	-0.0111701
0.00769	-0.011167
0.0077	-0.0111639
0.00771	-0.0111606
0.00772	-0.0111573
0.00773	-0.0111539
0.00774	-0.0111505
0.00775	-0.011147
0.00776	-0.0111434
0.00777	-0.0111398
0.00778	-0.0111362
0.00779	-0.0111325
0.0078	-0.0111288
0.00781	-0.011125
0.00782	-0.0111212
0.00783	-0.0111174
0.00784	-0.0111135
0.00785	-0.0111096
0.00786	-0.0111056
0.00787	-0.0111016
0.00788	-0.0110976
0.00789	-0.0110936
0.0079	-0.0110895
0.00791	-0.0110854
0.00792	-0.0110813
0.00793	-0.0110772
0.00794	-0.011073
0.00795	-0.0110688
0.00796	-0.0110646
0.00797	-0.0110604
0.00798	-0.0110561
0.00799	-0.0110518
0.008	-0.0110475
0.00801	-0.0110432
0.00802	-0.0110389
0.00803	-0.0110345
0.00804	-0.0110301
0.00805	-0.0110257
0.00806	-0.0110213
0.00807	-0.0110169
0.00808	-0.0110124
0.00809	-0.0110079
0.0081	-0.0110034
0.00811	-0.0109989
0.00812	-0.0109944
0.00813	-0.0109898
0.00814	-0.0109852
0.00815	-0.0109806
0.00816	-0.010976
0.00817	-0.0109714
0.00818	-0.0109667
0.00819	-0.0109621
0.0082	-0.0109574
0.00821	-0.0109527
0.00822	-0.010948
0.00823	-0.0109432
0.00824	-0.0109385
0.00825	-0.0109337
0.00826	-0.0109289
0.00827	-0.0109241
0.00828	-0.0109193
0.00829	-0.0109144
0.0083	-0.0109096
0.00831	-0.0109047
0.00832	-0.0108998
0.00833	-0.0108949
0.00834	-0.01089
0.00835	-0.010885
0.00836	-0.01088
0.00837	-0.0108751
0.00838	-0.0108701
0.00839	-0.010865
0.0084	-0.01086
0.00841	-0.010855
0.00842	-0.0108499
0.00843	-0.0108448
0.00844	-0.0108397
0.00845	-0.0108346
0.00846	-0.0108294
0.00847	-0.0108243
0.00848	-0.0108191
0.00849	-0.0108139
0.0085	-0.0108087
0.00851	-0.0108035
0.00852	-0.0107982
0.00853	-0.010793
0.00854	-0.0107877
0.00855	-0.0107824
0.00856	-0.0107771
0.00857	-0.0107717
0.00858	-0.0107664
0.00859	-0.010761
0.0086	-0.0107556
0.00861	-0.0107502
0.00862	-0.0107448
0.00863	-0.0107394
0.00864	-0.0107339
0.00865	-0.0107284
0.00866	-0.0107229
0.00867	-0.0107174
0.00868	-0.0107119
0.00869	-0.0107064
0.0087	-0.0107008
0.00871	-0.0106952
0.00872	-0.0106896
0.00873	-0.010684
0.00874	-0.0106784
0.00875	-0.0106727
0.00876	-0.0106671
0.00877	-0.0106614
0.00878	-0.0106557
0.00879	-0.0106499
0.0088	-0.0106442
0.00881	-0.0106384
0.00882	-0.0106327
0.00883	-0.0106269
0.00884	-0.0106211
0.00885	-0.0106152
0.00886	-0.0106094
0.00887	-0.0106035
0.00888	-0.0105976
0.00889	-0.0105917
0.0089	-0.0105858
0.00891	-0.0105799
0.00892	-0.0105739
0.00893	-0.0105679
0.00894	-0.0105619
0.00895	-0.0105559
0.00896	-0.0105499
0.00897	-0.0105438
0.00898	-0.0105378
0.00899	-0.0105317
0.009	-0.0105256
0.00901	-0.0105195
0.00902	-0.0105133
0.00903	-0.0105072
0.00904	-0.010501
0.00905	-0.0104948
0.00906	-0.0104886
0.00907	-0.0104824
0.00908	-0.0104761
0.00909	-0.0104699
0.0091	-0.0104636
0.00911	-0.0104573
0.00912	-0.0104509
0.00913	-0.0104446
0.00914	-0.0104382
0.00915	-0.0104319
0.00916	-0.0104255
0.00917	-0.0104191
0.00918	-0.0104126
0.00919	-0.0104062
0.0092	-0.0103997
0.00921	-0.0103932
0.00922	-0.0103867
0.00923	-0.0103802
0.00924	-0.0103737
0.00925	-0.0103671
0.00926	-0.0103605
0.00927	-0.0103539
0.00928	-0.0103473
0.00929	-0.0103407
0.0093	-0.0103341
0.00931	-0.0103274
0.00932	-0.0103207
0.00933	-0.010314
0.00934	-0.0103073
0.00935	-0.0103005
0.00936	-0.0102938
0.00937	-0.010287
0.00938	-0.0102802
0.00939	-0.0102734
0.0094	-0.0102666
0.00941	-0.0102597
0.00942	-0.0102528
0.00943	-0.0102459
0.00944	-0.010239
0.00945	-0.0102321
0.00946	-0.0102252
0.00947	-0.0102182
0.00948	-0.0102112
0.00949	-0.0102042
0.0095	-0.0101972
0.00951	-0.0101902
0.00952	-0.0101831
0.00953	-0.0101761
0.00954	-0.010169
0.00955	-0.0101619
0.00956	-0.0101547
0.00957	-0.0101476
0.00958	-0.0101404
0.00959	-0.0101333
0.0096	-0.0101261
0.00961	-0.0101188
0.00962	-0.0101116
0.00963	-0.0101044
0.00964	-0.0100971
0.00965	-0.0100898
0.00966	-0.0100825
0.00967	-0.0100752
0.00968	-0.0100678
0.00969	-0.0100605
0.0097	-0.0100531
0.00971	-0.0100457
0.00972	-0.0100383
0.00973	-0.0100308
0.00974	-0.0100234
0.00975	-0.0100159
0.00976	-0.0100084
0.00977	-0.0100009
0.00978	-0.00999339
0.00979	-0.00998585
0.0098	-0.00997829
0.00981	-0.00997071
0.00982	-0.00996312
0.00983	-0.0099555
0.00984	-0.00994787
0.00985	-0.00994022
0.00986	-0.00993255
0.00987	-0.00992486
0.00988	-0.00991716
0.00989	-0.00990944
0.0099	-0.0099017
0.00991	-0.00989394
0.00992	-0.00988617
0.00993	-0.00987837
0.00994	-0.00987056
0.00995	-0.00986273
0.00996	-0.00985488
0.00997	-0.00984702
0.00998	-0.00983914
0.00999	-0.00983124
0.01	-0.00982332
